0.000372467	0.286731	-5.24738e-12	0.612709	0.300117	0.2	0.5
0.016361	0.286733	3.99999e-05	0.612687	0.305138	0.199868	0.5
0.0204231	0.286737	8.98211e-05	0.612659	0.306412	0.199794	0.5
0.0311876	0.287038	0.00722428	0.609555	0.309782	0.19952	0.5
0.0411348	0.287061	0.0091031	0.608946	0.312887	0.199166	0.5
0.050248	0.287188	0.0165906	0.606953	0.31572	0.198757	0.5
0.0601972	0.287279	0.0195205	0.606313	0.318799	0.198217	0.5
0.0700569	0.287642	0.026243	0.605014	0.321832	0.197588	0.5
0.0802292	0.288165	0.0319094	0.604015	0.324939	0.19684	0.5
0.0909432	0.289456	0.0408162	0.602449	0.328184	0.195946	0.5
0.101389	0.291209	0.0490553	0.600833	0.331316	0.19497	0.5
0.110483	0.291686	0.0509409	0.600428	0.334017	0.194037	0.5
0.120767	0.295098	0.06206	0.597645	0.337036	0.192889	0.5
0.130618	0.297334	0.0680742	0.595812	0.339893	0.191698	0.5
0.140149	0.300016	0.0745344	0.593548	0.34262	0.190463	0.5
0.150462	0.30235	0.0796895	0.591502	0.345528	0.189035	0.5
0.16068	0.303151	0.0813802	0.590782	0.348363	0.187528	0.5
0.171899	0.307869	0.0906791	0.586354	0.351417	0.185769	0.5
0.180146	0.311004	0.0964298	0.583216	0.353621	0.184408	0.5
0.19002	0.313578	0.100964	0.580523	0.356214	0.182705	0.5
0.200041	0.314721	0.102926	0.579296	0.358789	0.180894	0.5
0.210047	0.318138	0.108598	0.575522	0.361302	0.179007	0.5
0.220015	0.322057	0.114804	0.57099	0.363746	0.177048	0.5
0.230204	0.324244	0.118148	0.568367	0.366179	0.174969	0.5
0.240174	0.324513	0.118555	0.568039	0.368495	0.172859	0.5
0.250072	0.328772	0.124703	0.562788	0.370727	0.170695	0.5
0.260735	0.332612	0.129859	0.557932	0.373055	0.168286	0.5
0.270108	0.335318	0.133275	0.554452	0.375034	0.166106	0.5
0.280143	0.337466	0.135837	0.551671	0.37708	0.163708	0.5
0.290111	0.339788	0.138436	0.548666	0.379037	0.161263	0.5
0.300358	0.341824	0.140554	0.546045	0.380968	0.158687	0.5
0.310279	0.342934	0.14164	0.544626	0.382757	0.156136	0.5
0.324727	0.346195	0.144501	0.540534	0.385219	0.152323	0.5
0.33001	0.348732	0.146366	0.53745	0.386076	0.150901	0.5
0.341017	0.349977	0.147166	0.535972	0.387784	0.147895	0.5
0.350588	0.350594	0.147533	0.535249	0.389184	0.145234	0.5
0.360312	0.351819	0.148197	0.533837	0.390524	0.142489	0.5
0.370028	0.356815	0.150001	0.528414	0.391779	0.139707	0.5
0.380517	0.358167	0.150271	0.527028	0.393037	0.136661	0.5
0.39522	0.358359	0.150302	0.526834	0.394631	0.132326	0.5
0.400068	0.362311	0.150434	0.52303	0.395112	0.130881	0.5
0.411144	0.363953	0.150234	0.521545	0.396129	0.127554	0.5
0.420546	0.36485	0.150064	0.520756	0.396901	0.124703	0.5
0.430047	0.36782	0.149163	0.518259	0.397595	0.1218	0.5
0.440229	0.36934	0.148504	0.517047	0.398242	0.118667	0.5
0.450227	0.370658	0.147822	0.51603	0.39878	0.115573	0.5
0.46384	0.372419	0.14673	0.514719	0.399355	0.111336	0.5
0.470263	0.374122	0.145464	0.513506	0.399564	0.109329	0.5
0.480108	0.37576	0.144048	0.512385	0.399805	0.106245	0.5
0.490016	0.376339	0.143498	0.511998	0.399951	0.103136	0.5
0.500777	0.378431	0.141261	0.510644	0.4	0.0997559	0.5
0.510552	0.379751	0.139632	0.509821	0.399945	0.0966855	0.5
0.520302	0.381011	0.137899	0.509056	0.399797	0.0936264	0.5
0.530032	0.381973	0.136442	0.508484	0.399555	0.0905792	0.5
0.540428	0.383447	0.133941	0.507626	0.399195	0.0873334	0.5
0.550034	0.384504	0.131926	0.507021	0.398767	0.0843461	0.5
0.560725	0.385007	0.130891	0.506735	0.398186	0.0810382	0.5
0.570016	0.386407	0.127665	0.505941	0.397591	0.0781807	0.5
0.580715	0.387169	0.125656	0.505507	0.396802	0.0749134	0.5
0.590291	0.387872	0.1236	0.505102	0.396004	0.0720131	0.5
0.600924	0.388377	0.12197	0.504806	0.395016	0.0688224	0.5
0.610249	0.388648	0.121025	0.504644	0.394062	0.0660525	0.5
0.62003	0.389803	0.116134	0.503906	0.392974	0.0631789	0.5
0.630244	0.390263	0.113626	0.50358	0.391745	0.0602149	0.5
0.643522	0.390465	0.112361	0.503425	0.390006	0.0564234	0.5
0.650213	0.390944	0.108505	0.502998	0.38907	0.0545413	0.5
0.66005	0.391162	0.105898	0.50274	0.387623	0.0518108	0.5
0.670741	0.391307	0.103005	0.502479	0.385956	0.0488957	0.5
0.680333	0.391351	0.100351	0.502262	0.384377	0.0463291	0.5
0.691893	0.391314	0.097686	0.502061	0.382372	0.0433009	0.5
0.700406	0.391253	0.0960819	0.501948	0.380827	0.0411182	0.5
0.71212	0.391054	0.0931231	0.501755	0.378606	0.0381844	0.5
0.720786	0.390682	0.0896081	0.501548	0.376894	0.0360676	0.5
0.730122	0.390301	0.0869058	0.501403	0.374986	0.0338401	0.5
0.740557	0.389889	0.084479	0.501282	0.372777	0.0314178	0.5
0.750627	0.389353	0.0817898	0.501157	0.370571	0.0291502	0.5
0.760724	0.389236	0.0812534	0.501133	0.368289	0.0269477	0.5
0.774321	0.388309	0.0774954	0.500978	0.365107	0.0240982	0.5
0.780164	0.387369	0.0742841	0.500858	0.363703	0.0229158	0.5
0.790268	0.386308	0.0710968	0.500749	0.361224	0.020933	0.5
0.800084	0.385238	0.0682081	0.500658	0.358757	0.0190829	0.5
0.810073	0.384284	0.0658457	0.500589	0.356189	0.017279	0.5
0.820075	0.383048	0.0630251	0.500512	0.353563	0.0155545	0.5
0.830019	0.381848	0.0604976	0.500447	0.350899	0.0139228	0.5
0.84063	0.380705	0.0582542	0.500393	0.348002	0.0122741	0.5
0.85014	0.379363	0.0557972	0.500338	0.34536	0.0108794	0.5
0.860193	0.378664	0.0545833	0.500312	0.342523	0.00949147	0.5
0.871199	0.376443	0.0509992	0.50024	0.339369	0.00807559	0.5
0.880254	0.37519	0.0491282	0.500205	0.336738	0.00699302	0.5
0.893703	0.373045	0.0461464	0.500153	0.332777	0.00552422	0.5
0.900191	0.371309	0.0439075	0.500117	0.330845	0.00487583	0.5
0.910027	0.369873	0.0421551	0.50009	0.327891	0.00396831	0.5
0.920076	0.369139	0.0412913	0.500076	0.324846	0.00313575	0.5
0.931751	0.368205	0.0402239	0.500061	0.321277	0.00228983	0.5
0.940074	0.363837	0.0356834	0.499999	0.318715	0.00176692	0.5
0.952313	0.36175	0.0337161	0.499974	0.314925	0.00112011	0.5
0.96021	0.361326	0.0333299	0.499969	0.312468	0.000780297	0.5
0.975272	0.357843	0.0303357	0.499933	0.307761	0.000301587	0.5
0.980077	0.355586	0.0285498	0.499913	0.306255	0.000195806	0.5
0.990532	0.35281	0.026499	0.499891	0.302974	4.42353e-05	0.5
1.00011	0.35187	0.0258387	0.499884	0.299965	6.0622e-09	0.5
1.01044	0.349962	0.0245519	0.49987	0.296722	5.373e-05	0.5
1.02044	0.345543	0.0218312	0.499842	0.293582	0.00020617	0.5
1.03021	0.34329	0.0205627	0.499829	0.290524	0.000449967	0.5
1.0407	0.341008	0.0193567	0.499817	0.287249	0.000816287	0.5
1.05071	0.337919	0.0178474	0.499801	0.284137	0.00126623	0.5
1.06048	0.335316	0.0166771	0.49979	0.281114	0.00179965	0.5
1.07008	0.334003	0.0161225	0.499784	0.278161	0.0024138	0.5
1.08003	0.331877	0.0152789	0.499775	0.275122	0.00314399	0.5
1.09004	0.327281	0.013668	0.499757	0.272087	0.00397454	0.5
1.10062	0.324828	0.0129112	0.499748	0.268913	0.0049547	0.5
1.11009	0.323734	0.0125961	0.499744	0.2661	0.00592151	0.5
1.12085	0.31875	0.0113538	0.499727	0.262941	0.00712054	0.5
1.13061	0.315952	0.0107856	0.499718	0.260108	0.00830132	0.5
1.14056	0.315391	0.0106823	0.499717	0.257263	0.0095921	0.5
1.15035	0.310308	0.00991423	0.499702	0.254504	0.0109487	0.5
1.16028	0.309176	0.00978098	0.499698	0.251748	0.0124115	0.5
1.17004	0.306052	0.00949009	0.49969	0.249086	0.0139319	0.5
1.18011	0.301775	0.00926982	0.499678	0.246387	0.0155865	0.5
1.19014	0.299498	0.00923128	0.499672	0.243755	0.0173167	0.5
1.20013	0.296944	0.00925104	0.499665	0.241188	0.0191227	0.5
1.21008	0.295527	0.00929261	0.499661	0.23869	0.0209996	0.5
1.22101	0.290994	0.00958183	0.49965	0.236013	0.0231515	0.5
1.23007	0.288737	0.00981053	0.499645	0.233853	0.0250029	0.5
1.24031	0.284806	0.0103449	0.499635	0.231474	0.0271705	0.5
1.25094	0.28397	0.0104802	0.499633	0.229082	0.0294975	0.5
1.26039	0.28397	0.0104802	0.499633	0.227019	0.0316346	0.5
1.27043	0.280619	0.0111192	0.499626	0.2249	0.0339694	0.5
1.28051	0.279222	0.0114325	0.499623	0.222847	0.0363802	0.5
1.29234	0.277542	0.0118467	0.499619	0.220535	0.0392927	0.5
1.30063	0.276701	0.0120713	0.499617	0.218983	0.0413806	0.5
1.31039	0.275858	0.0123079	0.499616	0.217222	0.0438942	0.5
1.32017	0.273883	0.0129137	0.499612	0.215538	0.0464627	0.5
1.33639	0.272749	0.0132934	0.499609	0.212921	0.0508342	0.5
1.34121	0.272749	0.0132934	0.499609	0.212187	0.0521571	0.5
1.3501	0.266157	0.0159987	0.499596	0.210886	0.0546277	0.5
1.36014	0.261592	0.0182863	0.499587	0.209499	0.0574605	0.5
1.37015	0.255759	0.0216288	0.499575	0.208206	0.0603274	0.5
1.38016	0.246931	0.0274905	0.499564	0.207004	0.0632329	0.5
1.39012	0.244038	0.0296067	0.499564	0.205899	0.066161	0.5
1.40084	0.241496	0.0315558	0.499566	0.204813	0.0693487	0.5
1.41042	0.23949	0.0331671	0.499569	0.203934	0.0722265	0.5
1.42037	0.237975	0.0344337	0.499572	0.203113	0.0752427	0.5
1.43001	0.235259	0.0368304	0.499581	0.202407	0.0781902	0.5
1.44415	0.23385	0.0381458	0.499587	0.201535	0.0825452	0.5
1.45011	0.231325	0.0406556	0.499601	0.201226	0.0843892	0.5
1.46079	0.229831	0.0422394	0.49961	0.200758	0.0877134	0.5
1.47061	0.228561	0.0436528	0.499619	0.200426	0.0907802	0.5
1.48009	0.226464	0.046151	0.499635	0.200195	0.0937506	0.5
1.49009	0.224308	0.0489419	0.499654	0.200048	0.0968874	0.5
1.50092	0.223353	0.0502534	0.499664	0.2	0.100289	0.5
1.51328	0.222886	0.0509154	0.499668	0.200087	0.104171	0.5
1.52007	0.220793	0.0540941	0.499691	0.200199	0.1063	0.5
1.53013	0.218446	0.0581027	0.499719	0.200448	0.109453	0.5
1.54107	0.217165	0.060507	0.499736	0.200831	0.112866	0.5
1.55043	0.216195	0.0624542	0.499749	0.201252	0.115775	0.5
1.56312	0.216077	0.0626993	0.499751	0.201959	0.119699	0.5
1.57004	0.214409	0.0664536	0.499777	0.202411	0.121827	0.5
1.58012	0.212829	0.0705685	0.499805	0.203151	0.124907	0.5
1.59063	0.212199	0.072388	0.499816	0.204026	0.12809	0.5
1.60009	0.211059	0.0760745	0.49984	0.204903	0.130929	0.5
1.61085	0.210836	0.076871	0.499845	0.206003	0.134125	0.5
1.6201	0.20971	0.0814309	0.499872	0.207034	0.136841	0.5
1.63112	0.209536	0.0822418	0.499877	0.208365	0.140037	0.5
1.6415	0.208876	0.0857858	0.499897	0.209719	0.143004	0.5
1.65037	0.208876	0.0857858	0.499897	0.210952	0.145502	0.5
1.66039	0.208116	0.0919085	0.499928	0.212428	0.148282	0.5
1.6702	0.207895	0.095001	0.499943	0.213958	0.150958	0.5
1.68003	0.207778	0.0978088	0.499954	0.215572	0.153591	0.5
1.69071	0.207765	0.0983697	0.499957	0.217417	0.156392	0.5
1.70008	0.207747	0.100056	0.499963	0.219113	0.158798	0.5
1.71014	0.208004	0.106572	0.499984	0.221011	0.161324	0.5
1.72016	0.208257	0.109396	0.499991	0.22298	0.163781	0.5
1.73014	0.208519	0.111645	0.499996	0.225019	0.166165	0.5
1.74003	0.208923	0.114443	0.5	0.227109	0.168461	0.5
1.75035	0.209518	0.117778	0.500003	0.229366	0.170788	0.5
1.7601	0.210043	0.12026	0.500004	0.231569	0.172919	0.5
1.77006	0.210299	0.12136	0.500004	0.233882	0.175023	0.5
1.78085	0.211554	0.126005	0.500002	0.236465	0.177222	0.5
1.79062	0.212403	0.128703	0.499998	0.238862	0.179134	0.5
1.80056	0.213047	0.130575	0.499995	0.241364	0.181005	0.5
1.81112	0.213047	0.130575	0.499995	0.244082	0.182905	0.5
1.82064	0.215387	0.136397	0.499978	0.246588	0.184541	0.5
1.83111	0.216714	0.139253	0.499967	0.249395	0.186251	0.5
1.84065	0.21735	0.140537	0.499961	0.252004	0.187729	0.5
1.85051	0.219245	0.144084	0.499944	0.254745	0.189174	0.5
1.86045	0.22069	0.146565	0.499929	0.25755	0.190543	0.5
1.87026	0.222203	0.148997	0.499915	0.260359	0.191807	0.5
1.88009	0.223956	0.151617	0.499897	0.263212	0.192987	0.5
1.89139	0.225285	0.153484	0.499884	0.266536	0.194235	0.5
1.90019	0.226663	0.155318	0.49987	0.269156	0.195125	0.5
1.91056	0.229004	0.158227	0.499847	0.272269	0.196078	0.5
1.92046	0.23107	0.160611	0.499827	0.27527	0.196894	0.5
1.93022	0.231839	0.161459	0.49982	0.278252	0.197606	0.5
1.94059	0.235053	0.164762	0.49979	0.281444	0.198263	0.5
1.95023	0.236938	0.166551	0.499774	0.284428	0.19878	0.5
1.96031	0.239079	0.168474	0.499756	0.287562	0.199223	0.5
1.97048	0.24127	0.170327	0.499739	0.290741	0.19957	0.5
1.98068	0.241937	0.17087	0.499733	0.293935	0.199816	0.5
1.99006	0.246058	0.173992	0.499704	0.296877	0.199951	0.5
2.00007	0.246292	0.174159	0.499702	0.300022	0.2	0.5
2.01193	0.248907	0.175942	0.499685	0.303748	0.19993	0.5
2.02014	0.251102	0.177333	0.499672	0.306321	0.1998	0.5
2.03005	0.255906	0.180062	0.499646	0.309427	0.199555	0.5
2.04004	0.256938	0.180601	0.49964	0.312545	0.19921	0.5
2.05022	0.261131	0.182625	0.499621	0.315711	0.198758	0.5
2.0602	0.26379	0.183785	0.49961	0.318801	0.198217	0.5
2.07003	0.2662	0.184758	0.499602	0.321822	0.19759	0.5
2.08075	0.267815	0.185369	0.499596	0.325097	0.1968	0.5
2.09242	0.271354	0.186588	0.499585	0.32863	0.195814	0.5
2.10023	0.274661	0.187582	0.499577	0.330972	0.195083	0.5
2.11044	0.276877	0.188177	0.499572	0.334004	0.194041	0.5
2.12008	0.27771	0.188386	0.499571	0.336835	0.192969	0.5
2.13013	0.279946	0.188902	0.499567	0.339752	0.191759	0.5
2.14057	0.285628	0.189922	0.499559	0.342739	0.190407	0.5
2.15059	0.287342	0.190159	0.499558	0.345564	0.189016	0.5
2.16037	0.290779	0.190537	0.499555	0.348279	0.187574	0.5
2.17031	0.294229	0.190785	0.499553	0.350987	0.186025	0.5
2.18031	0.296814	0.190888	0.499551	0.353664	0.184381	0.5
2.19026	0.299966	0.190918	0.499551	0.356275	0.182663	0.5
2.20012	0.301397	0.190896	0.499552	0.358809	0.18088	0.5
2.21041	0.305399	0.190713	0.499553	0.361394	0.178936	0.5
2.2207	0.308521	0.190453	0.499555	0.363912	0.176911	0.5
2.23028	0.308804	0.190425	0.499555	0.366197	0.174953	0.5
2.24557	0.313603	0.18979	0.499559	0.36972	0.171687	0.5
2.2502	0.315851	0.189399	0.499562	0.370755	0.170666	0.5
2.2603	0.319759	0.188576	0.499566	0.372961	0.168387	0.5
2.27017	0.32252	0.18789	0.49957	0.375045	0.166092	0.5
2.28009	0.323344	0.187668	0.499571	0.377069	0.163721	0.5
2.29092	0.328243	0.186164	0.499577	0.379192	0.161062	0.5
2.30067	0.329318	0.185794	0.499579	0.381025	0.158609	0.5
2.31005	0.332517	0.184599	0.499584	0.382717	0.156195	0.5
2.32256	0.33331	0.184281	0.499584	0.384861	0.152903	0.5
2.3361	0.334365	0.183842	0.499586	0.387034	0.149244	0.5
2.34066	0.336993	0.18266	0.49959	0.387731	0.147993	0.5
2.35034	0.3383	0.182026	0.499592	0.389148	0.145305	0.5
2.3602	0.341671	0.18025	0.499596	0.390509	0.142522	0.5
2.37008	0.347967	0.176414	0.499604	0.391785	0.139693	0.5
2.38005	0.35015	0.174937	0.499607	0.392983	0.136799	0.5
2.39011	0.353216	0.17273	0.49961	0.3941	0.133842	0.5
2.40002	0.355728	0.170795	0.499613	0.395108	0.130895	0.5
2.41054	0.357287	0.169529	0.499615	0.396077	0.127735	0.5
2.42002	0.360102	0.167103	0.499619	0.39686	0.124862	0.5
2.4302	0.360525	0.166723	0.49962	0.397606	0.121752	0.5
2.44243	0.363014	0.16438	0.499623	0.398369	0.117988	0.5
2.45025	0.366191	0.161104	0.499628	0.398781	0.115566	0.5
2.46315	0.367526	0.159629	0.49963	0.39933	0.111552	0.5
2.4701	0.369918	0.156823	0.499634	0.399559	0.10938	0.5
2.48218	0.370981	0.155501	0.499636	0.399843	0.105597	0.5
2.4909	0.373363	0.15234	0.499641	0.399959	0.102859	0.5
2.502	0.374341	0.150957	0.499642	0.399998	0.0993711	0.5
2.51009	0.376518	0.147663	0.499647	0.39995	0.0968306	0.5
2.52003	0.37726	0.146467	0.499648	0.399802	0.0937116	0.5
2.53009	0.378825	0.143794	0.499651	0.399553	0.0905601	0.5
2.54049	0.38068	0.140315	0.499655	0.399192	0.0873144	0.5
2.55062	0.381912	0.137788	0.499658	0.398738	0.0841647	0.5
2.56429	0.382839	0.13574	0.49966	0.397967	0.0799395	0.5
2.57108	0.384133	0.132624	0.499663	0.397517	0.0778561	0.5
2.58038	0.38512	0.12999	0.499666	0.396829	0.0750157	0.5
2.59316	0.385939	0.127598	0.499668	0.395748	0.0711504	0.5
2.60079	0.386847	0.124645	0.499671	0.395029	0.0688622	0.5
2.61064	0.387515	0.122209	0.499673	0.394019	0.0659357	0.5
2.62003	0.388238	0.11921	0.499675	0.392975	0.0631801	0.5
2.63005	0.3887	0.117015	0.499677	0.39177	0.060272	0.5
2.64026	0.389286	0.113697	0.49968	0.390448	0.0573494	0.5
2.65012	0.389677	0.110912	0.499682	0.389083	0.0545661	0.5
2.66033	0.389981	0.108115	0.499684	0.387581	0.0517343	0.5
2.67006	0.390078	0.106995	0.499684	0.386065	0.0490809	0.5
2.68003	0.390243	0.104466	0.499686	0.384428	0.0464094	0.5
2.69063	0.390349	0.0996593	0.499689	0.382597	0.0436291	0.5
2.70009	0.39031	0.0973969	0.49969	0.380885	0.0411981	0.5
2.71048	0.390214	0.0951337	0.499691	0.378923	0.0385908	0.5
2.7203	0.389883	0.0909001	0.499693	0.376992	0.0361861	0.5
2.73361	0.38948	0.0875305	0.499695	0.374255	0.0330214	0.5
2.7403	0.389186	0.0855731	0.499696	0.372833	0.0314774	0.5
2.75007	0.388696	0.0827917	0.499697	0.370695	0.0292735	0.5
2.7601	0.388476	0.0816845	0.499697	0.368432	0.0270816	0.5
2.77002	0.387446	0.0772724	0.499698	0.366127	0.0249852	0.5
2.78036	0.38669	0.0745421	0.499699	0.363655	0.0228764	0.5
2.79026	0.38611	0.0726454	0.4997	0.361226	0.0209341	0.5
2.80007	0.385576	0.0710265	0.4997	0.358761	0.0190859	0.5
2.8151	0.384093	0.0670143	0.4997	0.354875	0.0164015	0.5
2.82008	0.38277	0.0638543	0.499701	0.353562	0.0155539	0.5
2.83138	0.382303	0.0628117	0.499701	0.350531	0.0137064	0.5
2.84168	0.380819	0.0597174	0.499702	0.347713	0.0121168	0.5
2.85008	0.379898	0.0579371	0.499701	0.345377	0.0108884	0.5
2.86004	0.377344	0.0534497	0.499701	0.342567	0.00951215	0.5
2.8706	0.376896	0.0527166	0.499701	0.339543	0.00815025	0.5
2.88009	0.374876	0.0495906	0.499701	0.336787	0.00701229	0.5
2.89066	0.372733	0.0465491	0.4997	0.333678	0.00584174	0.5
2.90034	0.371534	0.0449509	0.4997	0.330799	0.00486112	0.5
2.91211	0.369584	0.0424942	0.4997	0.327262	0.00378791	0.5
2.92003	0.367367	0.0398938	0.499699	0.324859	0.00313911	0.5
2.93012	0.366225	0.0386258	0.499699	0.321778	0.00240013	0.5
2.94009	0.36367	0.0359542	0.499698	0.318711	0.00176607	0.5
2.95009	0.361426	0.0337768	0.499697	0.315616	0.00122689	0.5
2.96002	0.359321	0.0318649	0.499696	0.312526	0.000787584	0.5
2.97006	0.357813	0.0305667	0.499696	0.309393	0.000442087	0.5
2.98002	0.354937	0.0282441	0.499694	0.306272	0.000196889	0.5
2.99076	0.353352	0.0270424	0.499694	0.302903	4.21464e-05	0.5
3.00052	0.350562	0.0250637	0.499692	0.299836	1.34865e-07	0.5
3.01081	0.34866	0.0238031	0.499691	0.296605	5.76629e-05	0.5
3.02036	0.345512	0.0218559	0.499689	0.293609	0.000204417	0.5
3.03003	0.344283	0.0211414	0.499688	0.290581	0.000444598	0.5
3.04042	0.340531	0.0191142	0.499685	0.287335	0.000805305	0.5
3.05074	0.338496	0.018105	0.499683	0.284126	0.00126789	0.5
3.06174	0.337212	0.0175004	0.499683	0.280726	0.00187492	0.5
3.07053	0.332761	0.0156006	0.499678	0.278023	0.00244492	0.5
3.08044	0.330902	0.0148869	0.499677	0.274996	0.0031765	0.5
3.0901	0.327142	0.0135824	0.499673	0.272071	0.00397941	0.5
3.10009	0.324428	0.0127507	0.499671	0.26907	0.0049035	0.5
3.11062	0.323064	0.0123663	0.499669	0.265944	0.00597755	0.5
3.12044	0.319215	0.0114037	0.499665	0.26306	0.00707302	0.5
3.13003	0.317833	0.0111003	0.499664	0.260276	0.00822858	0.5
3.14009	0.314776	0.0105095	0.49966	0.257398	0.00952875	0.5
3.15049	0.310856	0.00991109	0.499655	0.254465	0.0109687	0.5
3.16021	0.308048	0.00958628	0.499652	0.251767	0.0124012	0.5
3.17011	0.30608	0.00941024	0.499649	0.249067	0.0139426	0.5
3.18025	0.303261	0.00923354	0.499645	0.24635	0.0156099	0.5
3.1905	0.299591	0.00913626	0.499639	0.243662	0.0173803	0.5
3.20036	0.297899	0.00914086	0.499636	0.24113	0.0191652	0.5
3.21258	0.294511	0.00924858	0.499632	0.238071	0.0214835	0.5
3.22078	0.290846	0.00951158	0.499626	0.236069	0.0231049	0.5
3.23004	0.288599	0.00974532	0.499622	0.233859	0.0249974	0.5
3.2401	0.286081	0.0100748	0.499618	0.231522	0.0271255	0.5
3.25008	0.282738	0.0106256	0.499613	0.229271	0.0293076	0.5
3.26008	0.279968	0.0111809	0.499609	0.227085	0.0315646	0.5
3.27139	0.278041	0.0116191	0.499606	0.2247	0.0341981	0.5
3.2805	0.276397	0.0120297	0.499604	0.22285	0.0363776	0.5
3.29027	0.271763	0.0133793	0.499597	0.220933	0.0387763	0.5
3.30002	0.269074	0.0142834	0.499593	0.219095	0.0412261	0.5
3.31054	0.266418	0.0152667	0.49959	0.217197	0.0439317	0.5
3.32003	0.263797	0.0163292	0.499587	0.215562	0.0464262	0.5
3.33067	0.262241	0.0170044	0.499585	0.213819	0.0492764	0.5
3.34016	0.25993	0.0180746	0.499583	0.212346	0.0518675	0.5
3.35031	0.259165	0.0184466	0.499582	0.210855	0.054688	0.5
3.3601	0.25588	0.0201686	0.49958	0.209504	0.0574493	0.5
3.37039	0.251186	0.0229641	0.499578	0.208176	0.0603986	0.5
3.38033	0.248787	0.0245324	0.499579	0.206985	0.0632825	0.5
3.39009	0.246442	0.0261625	0.499579	0.205903	0.0661518	0.5
3.40058	0.245519	0.026832	0.49958	0.204838	0.0692714	0.5
3.4101	0.244377	0.0276882	0.499581	0.203962	0.0721318	0.5
3.42004	0.24347	0.0283915	0.499581	0.203139	0.075143	0.5
3.43007	0.237561	0.033518	0.499591	0.202403	0.0782086	0.5
3.44003	0.235481	0.0355333	0.499595	0.201769	0.0812722	0.5
3.45004	0.233467	0.0375961	0.499602	0.201229	0.0843689	0.5
3.46009	0.231329	0.0399181	0.49961	0.200785	0.087495	0.5
3.47001	0.23076	0.0405613	0.499613	0.200443	0.0905931	0.5
3.48103	0.228909	0.0427461	0.499621	0.200178	0.0940431	0.5
3.49006	0.22592	0.0465876	0.499639	0.200049	0.0968793	0.5
3.50006	0.224915	0.0479757	0.499646	0.2	0.10002	0.5
3.51526	0.22314	0.0505665	0.49966	0.200115	0.104791	0.5
3.52008	0.221605	0.0529713	0.499675	0.200199	0.106305	0.5
3.53007	0.220576	0.0546838	0.499685	0.200446	0.109433	0.5
3.54005	0.218498	0.0584329	0.499709	0.200791	0.112549	0.5
3.55008	0.217211	0.0609792	0.499726	0.201235	0.115669	0.5
3.56149	0.216477	0.0625217	0.499736	0.20186	0.119199	0.5
3.57003	0.21543	0.0648627	0.499752	0.20241	0.121823	0.5
3.58004	0.213737	0.0691029	0.499782	0.203145	0.124883	0.5
3.59088	0.212785	0.0717888	0.499801	0.204048	0.128165	0.5
3.60007	0.212085	0.0739611	0.499816	0.204901	0.130921	0.5
3.61167	0.211286	0.076698	0.499836	0.206091	0.134366	0.5
3.62029	0.210506	0.0797316	0.499856	0.207056	0.136898	0.5
3.63084	0.210312	0.0805625	0.499862	0.208329	0.139956	0.5
3.64004	0.209317	0.0856	0.499895	0.209522	0.142588	0.5
3.65013	0.208885	0.0884151	0.499913	0.210918	0.145436	0.5
3.66347	0.20857	0.0909541	0.499928	0.2129	0.149129	0.5
3.67026	0.208308	0.0937873	0.499944	0.213967	0.150974	0.5
3.68375	0.208229	0.0949233	0.49995	0.216204	0.154574	0.5
3.69006	0.208073	0.0992103	0.499971	0.217303	0.156224	0.5
3.70232	0.20808	0.101788	0.499983	0.219529	0.159367	0.5
3.71226	0.208186	0.104934	0.499995	0.221421	0.161849	0.5
3.72021	0.208398	0.108069	0.500005	0.222991	0.163793	0.5
3.73006	0.208681	0.110907	0.500013	0.225001	0.166145	0.5
3.74021	0.209097	0.114018	0.500019	0.227148	0.168503	0.5
3.75005	0.20923	0.114864	0.50002	0.229301	0.170723	0.5
3.76274	0.20996	0.118797	0.500025	0.232175	0.173483	0.5
3.77004	0.210727	0.122141	0.500026	0.233879	0.17502	0.5
3.78044	0.211233	0.124077	0.500025	0.236365	0.17714	0.5
3.79075	0.21203	0.126822	0.500022	0.238895	0.179159	0.5
3.8001	0.212642	0.12873	0.500019	0.241248	0.180921	0.5
3.81067	0.214217	0.133051	0.500009	0.243966	0.182827	0.5
3.82007	0.215422	0.135972	0.499999	0.246435	0.184444	0.5
3.83117	0.215768	0.136761	0.499996	0.249412	0.18626	0.5
3.84007	0.217754	0.14092	0.499978	0.251843	0.187641	0.5
3.85141	0.218825	0.142962	0.499968	0.254995	0.1893	0.5
3.86447	0.220382	0.145725	0.499952	0.258698	0.191072	0.5
3.87002	0.222039	0.148434	0.499935	0.260292	0.191778	0.5
3.88004	0.223784	0.151083	0.499917	0.263199	0.192982	0.5
3.89001	0.225273	0.153203	0.499901	0.26613	0.19409	0.5
3.90094	0.225953	0.154131	0.499894	0.269378	0.195196	0.5
3.9103	0.228801	0.157759	0.499864	0.272191	0.196056	0.5
3.92072	0.230101	0.1593	0.499851	0.275351	0.196915	0.5
3.9301	0.232605	0.162084	0.499826	0.278217	0.197599	0.5
3.94004	0.234602	0.164154	0.499807	0.281274	0.198231	0.5
3.95001	0.236038	0.165564	0.499794	0.284359	0.198769	0.5
3.96058	0.23879	0.168099	0.499769	0.287648	0.199234	0.5
3.97011	0.239875	0.169043	0.49976	0.290624	0.199559	0.5
3.98131	0.242546	0.17124	0.499739	0.294131	0.199828	0.5
3.99076	0.245533	0.173505	0.499716	0.297096	0.199958	0.5
4.00003	0.246234	0.17401	0.499711	0.300008	0.2	0.5
4.01007	0.250309	0.176745	0.499683	0.303162	0.19995	0.5
4.02004	0.252276	0.177957	0.499671	0.30629	0.199802	0.5
4.03043	0.25528	0.17968	0.499654	0.309545	0.199543	0.5
4.04003	0.257823	0.181028	0.499641	0.312544	0.19921	0.5
4.05002	0.260143	0.182173	0.49963	0.315648	0.198768	0.5
4.06016	0.261707	0.182899	0.499623	0.318787	0.198219	0.5
4.07003	0.263817	0.183819	0.499614	0.321825	0.197589	0.5
4.08016	0.268391	0.185592	0.499598	0.324917	0.196846	0.5
4.09006	0.269751	0.186067	0.499593	0.327917	0.196024	0.5
4.10002	0.27277	0.187035	0.499585	0.330908	0.195103	0.5
4.11003	0.27666	0.188113	0.499576	0.333883	0.194085	0.5
4.12005	0.278057	0.188458	0.499573	0.336828	0.192972	0.5
4.13018	0.282555	0.18941	0.499566	0.339766	0.191753	0.5
4.14015	0.285097	0.189848	0.499563	0.342621	0.190462	0.5
4.15013	0.288211	0.190288	0.499559	0.345435	0.189082	0.5
4.16282	0.290479	0.19054	0.499558	0.34895	0.1872	0.5
4.17007	0.293891	0.190811	0.499557	0.350924	0.186063	0.5
4.18126	0.295314	0.190885	0.499556	0.353916	0.184221	0.5
4.19134	0.299311	0.190967	0.499556	0.356556	0.182471	0.5
4.20216	0.301877	0.190929	0.499557	0.359326	0.180501	0.5
4.21153	0.305298	0.190761	0.499558	0.36167	0.17872	0.5
4.22011	0.305868	0.19072	0.499558	0.36377	0.177028	0.5
4.23092	0.30986	0.190324	0.499561	0.366347	0.17482	0.5
4.24006	0.313266	0.189844	0.499563	0.368468	0.172885	0.5
4.25009	0.31552	0.189457	0.499566	0.370731	0.17069	0.5
4.26011	0.319161	0.188705	0.499569	0.372921	0.168429	0.5
4.27036	0.321934	0.18803	0.499572	0.375086	0.166046	0.5
4.28058	0.323586	0.187585	0.499574	0.377167	0.163602	0.5
4.29006	0.327403	0.186426	0.499579	0.379026	0.161277	0.5
4.30007	0.329829	0.185594	0.499582	0.380915	0.15876	0.5
4.31476	0.332761	0.184481	0.499586	0.383539	0.154966	0.5
4.32284	0.334081	0.183942	0.499588	0.384908	0.152827	0.5
4.33153	0.336176	0.183032	0.499591	0.386318	0.15049	0.5
4.34059	0.340562	0.180906	0.499597	0.38772	0.148012	0.5
4.35137	0.342333	0.179966	0.499599	0.389295	0.145016	0.5
4.36009	0.345564	0.178121	0.499604	0.390495	0.142551	0.5
4.37027	0.347995	0.176618	0.499608	0.391809	0.139636	0.5
4.38071	0.348953	0.175998	0.499609	0.393059	0.136606	0.5
4.39011	0.352709	0.173389	0.499614	0.3941	0.133842	0.5
4.40001	0.354537	0.172017	0.499617	0.395107	0.130898	0.5
4.41021	0.356106	0.170781	0.499619	0.396048	0.127837	0.5
4.42005	0.359165	0.1682	0.499624	0.396862	0.124853	0.5
4.43012	0.361488	0.16608	0.499627	0.3976	0.121777	0.5
4.4401	0.36313	0.164493	0.499629	0.398235	0.118707	0.5
4.45002	0.364534	0.163071	0.499631	0.39877	0.115639	0.5
4.46001	0.367436	0.159922	0.499636	0.399212	0.11253	0.5
4.47005	0.369468	0.15753	0.499639	0.399558	0.109395	0.5
4.4834	0.370718	0.155974	0.499641	0.399864	0.105211	0.5
4.49011	0.372781	0.153244	0.499644	0.399952	0.103107	0.5
4.5007	0.374098	0.151384	0.499646	0.4	0.0997803	0.5
4.51129	0.375986	0.14854	0.499649	0.399937	0.0964531	0.5
4.52236	0.37733	0.146366	0.499651	0.399753	0.0929826	0.5
4.53438	0.37889	0.14366	0.499654	0.399417	0.0892211	0.5
4.54013	0.380356	0.140904	0.499657	0.399207	0.0874274	0.5
4.55009	0.381484	0.138614	0.499659	0.398764	0.084329	0.5
4.5601	0.382546	0.136294	0.499661	0.398223	0.0812317	0.5
4.57006	0.383542	0.133941	0.499663	0.397587	0.0781665	0.5
4.58041	0.384765	0.130758	0.499666	0.396826	0.0750051	0.5
4.59035	0.385693	0.128075	0.499668	0.395998	0.0719948	0.5
4.60167	0.38621	0.126454	0.499669	0.394942	0.0685994	0.5
4.61134	0.387002	0.123724	0.499671	0.393944	0.06573	0.5
4.6201	0.387434	0.122072	0.499672	0.392966	0.0631592	0.5
4.63017	0.388589	0.116767	0.499676	0.391754	0.0602361	0.5
4.64019	0.388841	0.115362	0.499677	0.390457	0.0573668	0.5
4.65011	0.389199	0.113109	0.499678	0.389084	0.0545692	0.5
4.66006	0.389741	0.108567	0.499681	0.387621	0.0518075	0.5
4.67095	0.389864	0.107145	0.499682	0.385921	0.0488382	0.5
4.68276	0.390115	0.102298	0.499684	0.383965	0.0456871	0.5
4.69008	0.390146	0.100017	0.499685	0.382694	0.0437713	0.5
4.70047	0.390137	0.0985926	0.499686	0.380816	0.0411032	0.5
4.71009	0.389975	0.0943219	0.499688	0.378999	0.0386879	0.5
4.72106	0.389757	0.0914844	0.499689	0.37684	0.0360025	0.5
4.73016	0.389488	0.0889407	0.49969	0.374978	0.0338309	0.5
4.74002	0.389147	0.0864073	0.499691	0.372892	0.03154	0.5
4.75001	0.388527	0.0827668	0.499693	0.370709	0.0292873	0.5
4.76011	0.388012	0.0802655	0.499694	0.368431	0.0270806	0.5
4.77239	0.387215	0.0769545	0.499695	0.365566	0.0244942	0.5
4.78017	0.386612	0.0747626	0.499695	0.363701	0.0229144	0.5
4.79014	0.385691	0.0717748	0.499696	0.361255	0.0209569	0.5
4.80001	0.384957	0.0696224	0.499696	0.358775	0.0190957	0.5
4.8103	0.38386	0.0666945	0.499698	0.35613	0.0172385	0.5
4.82006	0.383755	0.0664306	0.499697	0.353566	0.0155566	0.5
4.83049	0.381833	0.0619809	0.499698	0.350772	0.0138479	0.5
4.84021	0.380331	0.0589026	0.499699	0.348116	0.0123369	0.5
4.85224	0.379806	0.05789	0.499699	0.344771	0.0105819	0.5
4.86026	0.377562	0.0538986	0.499699	0.342504	0.00948249	0.5
4.8728	0.376367	0.0519463	0.499699	0.338905	0.00787831	0.5
4.88017	0.375123	0.050024	0.499699	0.336761	0.00700215	0.5
4.89078	0.372827	0.0467353	0.499699	0.333644	0.00582937	0.5
4.90013	0.371104	0.0444506	0.499698	0.330862	0.0048816	0.5
4.91017	0.370217	0.0433295	0.499698	0.327847	0.00395546	0.5
4.92176	0.369495	0.0424423	0.499698	0.324333	0.00300577	0.5
4.93083	0.366264	0.0387659	0.499697	0.32156	0.00235178	0.5
4.94014	0.363456	0.0358685	0.499696	0.318694	0.00176279	0.5
4.95103	0.362221	0.0346658	0.499695	0.315325	0.00118119	0.5
4.96057	0.36033	0.0329066	0.499695	0.312354	0.000766065	0.5
4.97051	0.357073	0.0300961	0.499693	0.309251	0.000428851	0.5
4.98124	0.355291	0.0286616	0.499692	0.305892	0.000173711	0.5
4.99194	0.353252	0.0271028	0.499691	0.302532	3.20618e-05	0.5
5.00109	0.352563	0.0265961	0.499691	0.299657	5.88894e-07	0.5
5.01059	0.348064	0.0235414	0.499688	0.296672	5.53769e-05	0.5
5.02013	0.345385	0.0218975	0.499686	0.29368	0.000199926	0.5
5.03019	0.34341	0.0207597	0.499685	0.290529	0.000449513	0.5
5.04009	0.340401	0.0191475	0.499683	0.28744	0.00079193	0.5
5.05007	0.338363	0.0181363	0.499681	0.284335	0.00123456	0.5
5.06004	0.335262	0.0167159	0.499679	0.281248	0.00177391	0.5
5.07003	0.332908	0.0157275	0.499677	0.278178	0.00241014	0.5
5.08004	0.331324	0.0151056	0.499675	0.275118	0.00314512	0.5
5.09021	0.327313	0.0136838	0.499671	0.272037	0.00398921	0.5
5.10001	0.324612	0.0128393	0.499669	0.269095	0.00489533	0.5
5.11003	0.32298	0.0123737	0.499667	0.266117	0.0059152	0.5
5.12007	0.320233	0.0116696	0.499664	0.263166	0.00703083	0.5
5.13044	0.316901	0.0109417	0.49966	0.260157	0.00827994	0.5
5.14008	0.313547	0.0103384	0.499656	0.2574	0.00952788	0.5
5.15036	0.311584	0.0100429	0.499654	0.254501	0.0109505	0.5
5.16121	0.307928	0.00960712	0.499649	0.251493	0.0125524	0.5
5.17225	0.304547	0.00933312	0.499644	0.248488	0.0142882	0.5
5.18039	0.302293	0.00921843	0.49964	0.246313	0.0156337	0.5
5.19016	0.299477	0.0091526	0.499636	0.243751	0.0173198	0.5
5.20007	0.297789	0.00915491	0.499634	0.241203	0.0191121	0.5
5.21009	0.29385	0.0092862	0.499628	0.238687	0.0210015	0.5
5.22013	0.291044	0.00948484	0.499623	0.236227	0.0229741	0.5
5.23528	0.289086	0.00967469	0.49962	0.232634	0.0260955	0.5
5.24007	0.286013	0.0100664	0.499616	0.231529	0.0271185	0.5
5.25231	0.284338	0.0103283	0.499613	0.228779	0.0298035	0.5
5.26003	0.279606	0.0112584	0.499606	0.227096	0.0315524	0.5
5.27186	0.277672	0.0117128	0.499603	0.224603	0.0343091	0.5
5.2807	0.274931	0.0124322	0.499599	0.222808	0.0364279	0.5
5.29004	0.271675	0.0134054	0.499595	0.220976	0.0387198	0.5
5.30076	0.268995	0.0143042	0.499591	0.218957	0.0414159	0.5
5.31053	0.267402	0.0148829	0.499589	0.217199	0.0439284	0.5
5.32028	0.263721	0.0163588	0.499585	0.215519	0.0464927	0.5
5.33487	0.261131	0.0175116	0.499583	0.213157	0.0504197	0.5
5.34013	0.258326	0.0188702	0.49958	0.21235	0.0518606	0.5
5.35206	0.257066	0.0195196	0.49958	0.210607	0.0551788	0.5
5.36008	0.253589	0.0214494	0.499578	0.209506	0.0574458	0.5
5.37069	0.251401	0.0227664	0.499578	0.208139	0.0604839	0.5
5.38323	0.250201	0.0235248	0.499578	0.206654	0.0641331	0.5
5.39041	0.246435	0.0260938	0.499579	0.205869	0.066247	0.5
5.40074	0.244148	0.0277896	0.499581	0.204823	0.0693202	0.5
5.41001	0.241915	0.0295501	0.499584	0.203969	0.0721049	0.5
5.42006	0.239739	0.0313773	0.499588	0.203137	0.07515	0.5
5.43019	0.239097	0.0319388	0.499589	0.202396	0.0782428	0.5
5.44033	0.239097	0.0319388	0.499589	0.201752	0.0813636	0.5
5.45056	0.236783	0.0340774	0.499594	0.201204	0.0845303	0.5
5.46031	0.23353	0.0374097	0.499604	0.200776	0.0875632	0.5
5.4701	0.229684	0.0418317	0.499619	0.200441	0.0906203	0.5
5.48429	0.228043	0.0438749	0.499627	0.200122	0.0950663	0.5
5.49017	0.226115	0.0464203	0.499638	0.200048	0.0969126	0.5
5.5001	0.224768	0.0483025	0.499647	0.2	0.100032	0.5
5.5106	0.22268	0.051417	0.499664	0.200055	0.10333	0.5
5.52053	0.22116	0.0538602	0.499678	0.200208	0.106445	0.5
5.53014	0.220286	0.0553441	0.499687	0.200448	0.109455	0.5
5.54007	0.219302	0.0570926	0.499698	0.200791	0.112555	0.5
5.55022	0.217075	0.0614253	0.499726	0.201242	0.115712	0.5
5.5601	0.216584	0.0624567	0.499733	0.201777	0.118769	0.5
5.57012	0.215415	0.0650622	0.499752	0.202417	0.121851	0.5
5.58037	0.21382	0.0690407	0.49978	0.203171	0.124983	0.5
5.59229	0.213139	0.0709145	0.499793	0.204174	0.128589	0.5
5.60089	0.212768	0.0719915	0.499801	0.204981	0.131168	0.5
5.61018	0.211128	0.0774672	0.499841	0.205931	0.133927	0.5
5.62045	0.210634	0.0794024	0.499854	0.207075	0.136945	0.5
5.63384	0.209944	0.0824597	0.499876	0.20871	0.140818	0.5
5.64054	0.20936	0.085537	0.499896	0.20959	0.142732	0.5
5.65186	0.209002	0.0877835	0.499911	0.211167	0.14592	0.5
5.66001	0.208573	0.0911682	0.499932	0.212371	0.148178	0.5
5.67001	0.208406	0.092865	0.499941	0.213928	0.150907	0.5
5.68036	0.208203	0.0957013	0.499957	0.215628	0.153678	0.5
5.69016	0.208075	0.0999758	0.499978	0.21732	0.15625	0.5
5.70254	0.208089	0.102256	0.499988	0.21957	0.159422	0.5
5.7102	0.208202	0.105389	0.5	0.221022	0.161339	0.5
5.72001	0.208353	0.107662	0.500008	0.22295	0.163745	0.5
5.73003	0.208688	0.111065	0.500017	0.224995	0.166138	0.5
5.7402	0.209064	0.113887	0.500023	0.227146	0.1685	0.5
5.75019	0.209332	0.115573	0.500026	0.229332	0.170754	0.5
5.76072	0.210084	0.119485	0.500029	0.23171	0.173051	0.5
5.7701	0.210206	0.120041	0.50003	0.233894	0.175033	0.5
5.78266	0.211394	0.124746	0.500028	0.236904	0.177581	0.5
5.79006	0.212299	0.127756	0.500024	0.238723	0.179026	0.5
5.80003	0.212744	0.129112	0.500022	0.24123	0.180908	0.5
5.81001	0.213508	0.131273	0.500017	0.243794	0.182709	0.5
5.82022	0.215335	0.135813	0.500003	0.246475	0.18447	0.5
5.83063	0.216518	0.138433	0.499993	0.249266	0.186174	0.5
5.84011	0.21778	0.141014	0.499981	0.251855	0.187648	0.5
5.85057	0.219258	0.143804	0.499966	0.254761	0.189182	0.5
5.86001	0.220541	0.146049	0.499953	0.257426	0.190485	0.5
5.87018	0.222041	0.1485	0.499937	0.260339	0.191799	0.5
5.88012	0.223296	0.150426	0.499924	0.263223	0.192992	0.5
5.8901	0.22544	0.153488	0.499901	0.266155	0.194098	0.5
5.90012	0.226471	0.154871	0.499891	0.269133	0.195117	0.5
5.91013	0.227886	0.156684	0.499876	0.272139	0.19604	0.5
5.92002	0.229913	0.15912	0.499855	0.275137	0.19686	0.5
5.93012	0.232822	0.162331	0.499827	0.278221	0.1976	0.5
5.94039	0.234637	0.16419	0.49981	0.281383	0.198252	0.5
5.95093	0.235874	0.165402	0.499799	0.284645	0.198814	0.5
5.96101	0.23863	0.167944	0.499774	0.28778	0.199251	0.5
5.97091	0.238845	0.168135	0.499772	0.290873	0.199583	0.5
5.98016	0.243102	0.171635	0.499737	0.293771	0.199806	0.5
5.99028	0.245663	0.173545	0.499717	0.296946	0.199953	0.5
6.00025	0.247318	0.174714	0.499705	0.300079	0.2	0.5
6.01004	0.250208	0.176631	0.499686	0.303154	0.19995	0.5
6.02058	0.25094	0.177093	0.499681	0.30646	0.199791	0.5
6.0301	0.25143	0.177397	0.499678	0.309441	0.199553	0.5
6.04008	0.254956	0.179435	0.499657	0.312558	0.199208	0.5
6.05003	0.260735	0.182313	0.499628	0.315653	0.198767	0.5
6.06036	0.263403	0.183492	0.499617	0.31885	0.198207	0.5
6.07069	0.264743	0.184051	0.499611	0.322025	0.197544	0.5
6.0803	0.267986	0.185305	0.499599	0.32496	0.196835	0.5
6.09011	0.270716	0.186256	0.49959	0.327932	0.19602	0.5
6.10138	0.274299	0.187364	0.49958	0.331313	0.194971	0.5
6.11017	0.276238	0.1879	0.499576	0.333925	0.19407	0.5
6.1204	0.279863	0.188781	0.499569	0.336929	0.192932	0.5
6.13074	0.282945	0.189413	0.499564	0.339928	0.191683	0.5
6.14003	0.284068	0.189616	0.499562	0.342586	0.190479	0.5
6.15009	0.287452	0.190139	0.499559	0.345423	0.189088	0.5
6.1601	0.291137	0.190559	0.499556	0.348204	0.187615	0.5
6.17004	0.293407	0.190743	0.499556	0.350916	0.186067	0.5
6.18096	0.296815	0.190913	0.499555	0.353837	0.184271	0.5
6.19129	0.297951	0.19094	0.499555	0.356544	0.182479	0.5
6.20067	0.298805	0.19095	0.499555	0.35895	0.180777	0.5
6.21022	0.301381	0.190919	0.499556	0.361345	0.178973	0.5
6.22015	0.30311	0.190849	0.499556	0.363778	0.177022	0.5
6.23026	0.308043	0.190436	0.499559	0.366193	0.174957	0.5
6.24028	0.310077	0.190181	0.49956	0.368519	0.172837	0.5
6.25395	0.312688	0.189784	0.499562	0.371583	0.169827	0.5
6.26006	0.316166	0.189124	0.499565	0.372909	0.168441	0.5
6.27042	0.319622	0.188329	0.499567	0.375098	0.166032	0.5
6.28256	0.323891	0.187162	0.499571	0.377561	0.163121	0.5
6.29057	0.328356	0.185722	0.499576	0.379125	0.16115	0.5
6.30047	0.330001	0.185138	0.499578	0.380989	0.158658	0.5
6.3102	0.333774	0.183678	0.499582	0.382743	0.156156	0.5
6.32083	0.33615	0.18267	0.499585	0.384573	0.153361	0.5
6.33027	0.337973	0.181845	0.499587	0.386117	0.150832	0.5
6.34131	0.341809	0.179951	0.499593	0.387828	0.147815	0.5
6.35007	0.344057	0.17874	0.499596	0.389111	0.145379	0.5
6.36011	0.346509	0.177328	0.4996	0.390497	0.142547	0.5
6.37014	0.347955	0.176448	0.499602	0.391793	0.139674	0.5
6.38103	0.35009	0.17508	0.499605	0.393096	0.136511	0.5
6.39039	0.353557	0.172667	0.499611	0.394129	0.133759	0.5
6.40016	0.355801	0.170973	0.499615	0.395121	0.130854	0.5
6.41001	0.357987	0.169216	0.499619	0.39603	0.127895	0.5
6.42005	0.359482	0.167949	0.499621	0.396862	0.124855	0.5
6.43011	0.362386	0.165318	0.499627	0.397599	0.121781	0.5
6.44071	0.363194	0.164544	0.499628	0.39827	0.118519	0.5
6.45118	0.364976	0.162762	0.499631	0.398826	0.115276	0.5
6.46002	0.368206	0.159237	0.499637	0.399212	0.112527	0.5
6.47006	0.368574	0.158811	0.499638	0.399558	0.109391	0.5
6.48009	0.371592	0.155086	0.499643	0.399804	0.10625	0.5
6.49009	0.373437	0.152599	0.499647	0.399952	0.103112	0.5
6.5002	0.374883	0.150521	0.499649	0.4	0.0999374	0.5
6.51002	0.376421	0.148167	0.499652	0.39995	0.0968511	0.5
6.52005	0.377885	0.14577	0.499654	0.399802	0.0937054	0.5
6.5306	0.379274	0.143327	0.499657	0.399538	0.090402	0.5
6.54036	0.380586	0.140837	0.49966	0.399197	0.0873556	0.5
6.55011	0.38182	0.13831	0.499662	0.398764	0.084323	0.5
6.56024	0.382407	0.137034	0.499663	0.398215	0.0811893	0.5
6.5771	0.383412	0.134703	0.499665	0.397081	0.0760153	0.5
6.58053	0.384346	0.132317	0.499667	0.396817	0.0749703	0.5
6.59014	0.38575	0.128263	0.499671	0.396017	0.0720588	0.5
6.60004	0.386342	0.126352	0.499672	0.395101	0.069085	0.5
6.61009	0.387114	0.123597	0.499674	0.394078	0.0660983	0.5
6.62102	0.387989	0.11998	0.499676	0.392859	0.062889	0.5
6.63029	0.38867	0.116619	0.499678	0.391739	0.0602003	0.5
6.64769	0.389058	0.114373	0.499679	0.389427	0.055248	0.5
6.65042	0.389058	0.114373	0.499679	0.389041	0.0544843	0.5
6.66007	0.389624	0.110123	0.499681	0.38762	0.0518051	0.5
6.67277	0.389925	0.106691	0.499683	0.385628	0.0483489	0.5
6.68014	0.390093	0.103242	0.499684	0.38441	0.0463807	0.5
6.69178	0.390137	0.0995127	0.499686	0.382392	0.0433298	0.5
6.70275	0.390095	0.0972271	0.499687	0.38039	0.040524	0.5
6.7101	0.389907	0.093523	0.499688	0.378996	0.0386835	0.5
6.72038	0.389667	0.0906883	0.499689	0.376976	0.0361664	0.5
6.73015	0.389378	0.0881512	0.49969	0.374979	0.0338327	0.5
6.74002	0.388976	0.0853467	0.499691	0.372893	0.0315409	0.5
6.75006	0.38849	0.0825609	0.499692	0.370698	0.0292768	0.5
6.7607	0.387918	0.0797946	0.499693	0.368293	0.0269518	0.5
6.77009	0.387466	0.0778698	0.499694	0.36611	0.0249701	0.5
6.78023	0.386511	0.0743209	0.499695	0.363686	0.0229022	0.5
6.7901	0.385852	0.0721594	0.499696	0.361267	0.0209661	0.5
6.80369	0.384953	0.0694816	0.499697	0.357837	0.0184223	0.5
6.81035	0.383864	0.0665691	0.499698	0.356117	0.0172299	0.5
6.82045	0.383119	0.0647355	0.499698	0.353463	0.0154913	0.5
6.83031	0.381504	0.0611174	0.499699	0.350819	0.0138757	0.5
6.84008	0.380252	0.0585779	0.4997	0.348153	0.0123572	0.5
6.85233	0.379058	0.0563261	0.4997	0.344746	0.0105699	0.5
6.86042	0.37751	0.05362	0.4997	0.342457	0.00946071	0.5
6.87068	0.375874	0.0509703	0.4997	0.339519	0.0081399	0.5
6.88058	0.374945	0.0495495	0.499701	0.336643	0.00695557	0.5
6.89024	0.373826	0.0479138	0.499701	0.333803	0.00588654	0.5
6.90004	0.37112	0.0442633	0.499701	0.330889	0.00489027	0.5
6.91084	0.369702	0.0424903	0.4997	0.327644	0.00389696	0.5
6.92148	0.367121	0.0394767	0.4997	0.32442	0.0030274	0.5
6.93003	0.365592	0.0378066	0.4997	0.321805	0.00240629	0.5
6.94405	0.363827	0.0359747	0.499699	0.317488	0.00154095	0.5
6.95224	0.362212	0.0343887	0.499699	0.314947	0.00112331	0.5
6.96038	0.359493	0.0318963	0.499698	0.312416	0.000773743	0.5
6.9702	0.357554	0.0302357	0.499697	0.309348	0.00043791	0.5
6.98006	0.355119	0.0282808	0.499696	0.30626	0.000196147	0.5
6.99005	0.353077	0.0267436	0.499695	0.303125	4.88386e-05	0.5
7.00047	0.350523	0.0249434	0.499694	0.299851	1.10267e-07	0.5
7.0101	0.348146	0.0233837	0.499692	0.296828	5.03278e-05	0.5
7.02244	0.346697	0.0224831	0.499691	0.292956	0.00024838	0.5
7.03164	0.343992	0.020904	0.499689	0.290075	0.000493719	0.5
7.04011	0.341734	0.0196809	0.499688	0.287433	0.000792786	0.5
7.05049	0.338151	0.0179057	0.499685	0.284206	0.00125521	0.5
7.06026	0.335555	0.0167322	0.499683	0.281182	0.00178647	0.5
7.07034	0.333196	0.0157442	0.499681	0.278081	0.00243184	0.5
7.08031	0.330009	0.0145312	0.499678	0.275036	0.00316608	0.5
7.09061	0.327591	0.0136994	0.499675	0.271916	0.00402444	0.5
7.10311	0.32624	0.0132664	0.499674	0.26817	0.00520086	0.5
7.11031	0.32213	0.0121014	0.499669	0.266033	0.00594548	0.5
7.12579	0.319642	0.0114941	0.499666	0.261502	0.00770738	0.5
7.13004	0.317138	0.0109577	0.499663	0.260274	0.00822949	0.5
7.14011	0.313496	0.0103066	0.499658	0.25739	0.00953224	0.5
7.15012	0.310687	0.00990287	0.499654	0.254568	0.010916	0.5
7.1643	0.308718	0.00967083	0.499652	0.250645	0.0130283	0.5
7.17218	0.307309	0.00953208	0.49965	0.248507	0.0142766	0.5
7.18005	0.302197	0.00922852	0.499642	0.246404	0.0155754	0.5
7.19043	0.300491	0.00919108	0.49964	0.243681	0.0173673	0.5
7.20148	0.297078	0.00921255	0.499635	0.240847	0.019372	0.5
7.21008	0.293953	0.00934308	0.49963	0.23869	0.0209996	0.5
7.22049	0.292538	0.00943658	0.499628	0.236139	0.0230467	0.5
7.23004	0.288292	0.00985599	0.499622	0.233858	0.0249981	0.5
7.24001	0.285474	0.0102464	0.499617	0.231543	0.0271055	0.5
7.25078	0.282675	0.0107196	0.499613	0.229116	0.0294634	0.5
7.2613	0.280452	0.011157	0.499609	0.226824	0.0318438	0.5
7.27011	0.277141	0.0119156	0.499604	0.224966	0.0338949	0.5
7.28228	0.274136	0.0127151	0.499599	0.222494	0.0368115	0.5
7.29005	0.271972	0.0133596	0.499596	0.220974	0.0387229	0.5
7.30044	0.269026	0.0143318	0.499591	0.219017	0.0413338	0.5
7.31021	0.267963	0.0147095	0.49959	0.217255	0.0438461	0.5
7.32015	0.265063	0.0158226	0.499586	0.215542	0.0464569	0.5
7.33016	0.260907	0.0176331	0.499582	0.213901	0.0491381	0.5
7.34012	0.259373	0.0183633	0.499581	0.212351	0.0518584	0.5
7.3529	0.256346	0.0199144	0.499578	0.210489	0.0554152	0.5
7.36008	0.253375	0.0215824	0.499577	0.209506	0.0574455	0.5
7.37061	0.251673	0.022604	0.499577	0.208148	0.0604619	0.5
7.3801	0.248574	0.0245953	0.499577	0.207011	0.0632166	0.5
7.39009	0.246708	0.0258809	0.499578	0.205902	0.0661537	0.5
7.40038	0.244197	0.0277226	0.49958	0.204858	0.0692105	0.5
7.41014	0.24197	0.0294679	0.499583	0.203959	0.0721426	0.5
7.42065	0.239797	0.0312831	0.499586	0.203091	0.0753296	0.5
7.43042	0.23768	0.0331675	0.499591	0.20238	0.0783134	0.5
7.44009	0.236028	0.034726	0.499595	0.201766	0.08129	0.5
7.45109	0.233818	0.0369397	0.499602	0.201178	0.0846942	0.5
7.46078	0.232258	0.0385982	0.499608	0.200758	0.0877098	0.5
7.47012	0.231683	0.0392315	0.49961	0.20044	0.0906275	0.5
7.48004	0.227998	0.0436206	0.499628	0.200197	0.0937324	0.5
7.49019	0.226088	0.0461256	0.49964	0.200047	0.0969191	0.5
7.50215	0.224752	0.047982	0.499649	0.200002	0.100674	0.5
7.51002	0.223147	0.0503469	0.499661	0.20005	0.103148	0.5
7.52218	0.221916	0.0522719	0.499672	0.200243	0.106963	0.5
7.53124	0.220017	0.0554644	0.499691	0.200481	0.109798	0.5
7.54006	0.218646	0.0579702	0.499706	0.200791	0.112553	0.5
7.55056	0.217477	0.0602607	0.499721	0.201259	0.115818	0.5
7.56008	0.216137	0.0631047	0.499739	0.201776	0.118762	0.5
7.57004	0.215446	0.0646743	0.49975	0.202411	0.121826	0.5
7.58009	0.214894	0.0659927	0.499759	0.203149	0.124896	0.5
7.59136	0.213463	0.0697509	0.499784	0.204091	0.128309	0.5
7.60011	0.212034	0.0741262	0.499814	0.204905	0.130934	0.5
7.61152	0.211476	0.0760574	0.499828	0.206075	0.134324	0.5
7.62087	0.211103	0.0774442	0.499837	0.207123	0.137065	0.5
7.63015	0.210003	0.0822118	0.499869	0.208243	0.139759	0.5
7.64012	0.209422	0.0853164	0.499889	0.209533	0.142611	0.5
7.65198	0.209149	0.0870158	0.499899	0.211184	0.145953	0.5
7.66025	0.208703	0.0904322	0.49992	0.212407	0.148244	0.5
7.67149	0.208502	0.0924301	0.499932	0.214165	0.151307	0.5
7.68048	0.208237	0.0964422	0.499953	0.215647	0.153709	0.5
7.69056	0.208184	0.0978768	0.49996	0.217391	0.156353	0.5
7.70015	0.208149	0.100463	0.499973	0.219126	0.158817	0.5
7.71027	0.208273	0.105064	0.499992	0.221036	0.161356	0.5
7.7201	0.208465	0.107927	0.500002	0.222969	0.163767	0.5
7.7318	0.208651	0.109925	0.500008	0.225363	0.166554	0.5
7.74003	0.208959	0.112488	0.500014	0.22711	0.168462	0.5
7.75001	0.209589	0.116461	0.500021	0.229291	0.170712	0.5
7.76002	0.2098	0.117589	0.500022	0.231551	0.172902	0.5
7.77266	0.210656	0.121516	0.500025	0.234498	0.175561	0.5
7.78006	0.21153	0.12485	0.500024	0.236272	0.177063	0.5
7.7901	0.212181	0.12705	0.500021	0.238735	0.179035	0.5
7.80029	0.21317	0.130048	0.500017	0.241296	0.180956	0.5
7.81028	0.214263	0.13301	0.50001	0.243865	0.182758	0.5
7.8203	0.214579	0.133811	0.500007	0.246497	0.184483	0.5
7.83053	0.216528	0.138298	0.499992	0.249239	0.186158	0.5
7.84146	0.217146	0.139598	0.499986	0.252228	0.187851	0.5
7.85025	0.218862	0.142935	0.49997	0.254671	0.189137	0.5
7.86016	0.220718	0.1462	0.499952	0.257466	0.190504	0.5
7.87001	0.222075	0.148412	0.499938	0.260289	0.191777	0.5
7.88033	0.223011	0.149863	0.499928	0.263283	0.193015	0.5
7.8901	0.224303	0.151771	0.499915	0.266155	0.194099	0.5
7.90042	0.227045	0.155493	0.499887	0.269223	0.195146	0.5
7.91002	0.227937	0.156626	0.499877	0.272107	0.196031	0.5
7.92197	0.230152	0.159289	0.499855	0.275731	0.19701	0.5
7.93025	0.232666	0.162078	0.49983	0.278263	0.197609	0.5
7.94052	0.232864	0.162288	0.499828	0.281423	0.198259	0.5
7.95011	0.236763	0.166165	0.499792	0.28439	0.198774	0.5
7.9629	0.238255	0.167533	0.499778	0.288371	0.199322	0.5
7.97283	0.239556	0.168679	0.499767	0.291474	0.199636	0.5
7.98031	0.243378	0.171794	0.499735	0.293817	0.199809	0.5
7.9905	0.2457	0.173528	0.499718	0.297016	0.199955	0.5
8.00044	0.248065	0.175189	0.4997	0.300139	0.2	0.5
8.01025	0.250476	0.176773	0.499684	0.303218	0.199948	0.5
8.02049	0.251453	0.177386	0.499678	0.306434	0.199793	0.5
8.03038	0.255453	0.179707	0.499655	0.30953	0.199545	0.5
8.04017	0.258008	0.181054	0.499641	0.312586	0.199205	0.5
8.05002	0.260595	0.18232	0.499629	0.315648	0.198768	0.5
8.0601	0.263216	0.183504	0.499618	0.318768	0.198223	0.5
8.07009	0.265868	0.184604	0.499608	0.321843	0.197585	0.5
8.08008	0.268546	0.185621	0.499598	0.324894	0.196852	0.5
8.09038	0.271247	0.186553	0.49959	0.328014	0.195996	0.5
8.10087	0.273972	0.187399	0.499583	0.331162	0.195021	0.5
8.11087	0.276721	0.188158	0.499577	0.334131	0.193995	0.5
8.12013	0.277828	0.188437	0.499575	0.33685	0.192963	0.5
8.13132	0.281464	0.189238	0.499569	0.340095	0.19161	0.5
8.14012	0.285148	0.189881	0.499564	0.342613	0.190466	0.5
8.1502	0.287707	0.19024	0.499561	0.345454	0.189073	0.5
8.16004	0.290846	0.190579	0.499559	0.348187	0.187624	0.5
8.17056	0.292847	0.190739	0.499558	0.351056	0.185984	0.5
8.18076	0.296563	0.190922	0.499556	0.353785	0.184304	0.5
8.19101	0.298276	0.190956	0.499556	0.35647	0.182529	0.5
8.2003	0.30256	0.190899	0.499557	0.358854	0.180847	0.5
8.21001	0.305124	0.190768	0.499558	0.361294	0.179013	0.5
8.22169	0.307112	0.190618	0.499559	0.36415	0.176712	0.5
8.23165	0.309946	0.190327	0.49956	0.36652	0.174667	0.5
8.24008	0.311642	0.190107	0.499561	0.368474	0.172879	0.5
8.25004	0.3156	0.189452	0.499565	0.37072	0.170701	0.5
8.26004	0.318413	0.188873	0.499568	0.372905	0.168446	0.5
8.27209	0.321479	0.188139	0.499571	0.375443	0.165638	0.5
8.28075	0.325064	0.18714	0.499575	0.377201	0.163562	0.5
8.29036	0.326974	0.186545	0.499578	0.379084	0.161202	0.5
8.30004	0.330486	0.185326	0.499582	0.38091	0.158767	0.5
8.31007	0.332883	0.184403	0.499586	0.382721	0.156189	0.5
8.32023	0.334465	0.183753	0.499588	0.384471	0.153522	0.5
8.33013	0.338106	0.182121	0.499593	0.386096	0.150868	0.5
8.34106	0.339388	0.1815	0.499595	0.387791	0.147883	0.5
8.35009	0.341167	0.180595	0.499597	0.389114	0.145373	0.5
8.36082	0.34517	0.178353	0.499603	0.390592	0.142345	0.5
8.37073	0.348343	0.176377	0.499608	0.391867	0.139503	0.5
8.38023	0.348824	0.176063	0.499609	0.393004	0.136746	0.5
8.39005	0.351431	0.174281	0.499612	0.394093	0.133859	0.5
8.40005	0.355112	0.171529	0.499617	0.395111	0.130886	0.5
8.41013	0.355785	0.170995	0.499618	0.396041	0.127858	0.5
8.42663	0.359293	0.16804	0.499623	0.397355	0.122847	0.5
8.4302	0.359933	0.167468	0.499624	0.397605	0.121753	0.5
8.44018	0.363666	0.163895	0.499629	0.398239	0.118683	0.5
8.45051	0.365649	0.16183	0.499632	0.398794	0.115486	0.5
8.46008	0.367566	0.159713	0.499634	0.399215	0.112508	0.5
8.47142	0.369232	0.157764	0.499637	0.399597	0.108968	0.5
8.48006	0.371192	0.155322	0.49964	0.399804	0.106259	0.5
8.49009	0.372395	0.153734	0.499642	0.399952	0.103114	0.5
8.50059	0.374535	0.150719	0.499645	0.4	0.0998138	0.5
8.51007	0.375636	0.149061	0.499647	0.39995	0.0968355	0.5
8.52242	0.377291	0.146406	0.49965	0.399752	0.092961	0.5
8.53046	0.378991	0.14345	0.499653	0.399542	0.0904447	0.5
8.54198	0.379931	0.141697	0.499655	0.399132	0.0868502	0.5
8.55011	0.381693	0.138123	0.499658	0.398764	0.0843231	0.5
8.56054	0.382743	0.135791	0.49966	0.398197	0.0810959	0.5
8.57009	0.383621	0.133697	0.499662	0.397585	0.0781575	0.5
8.58336	0.384245	0.132113	0.499663	0.39659	0.0741093	0.5
8.59072	0.385758	0.127821	0.499667	0.395966	0.0718825	0.5
8.60012	0.386186	0.126463	0.499668	0.395094	0.0690638	0.5
8.61047	0.386513	0.125372	0.499669	0.394037	0.0659859	0.5
8.62008	0.38793	0.119826	0.499673	0.392969	0.0631654	0.5
8.6304	0.388563	0.116745	0.499675	0.391725	0.0601694	0.5
8.64144	0.388817	0.115342	0.499676	0.390289	0.0570136	0.5
8.65008	0.389481	0.110827	0.499678	0.389089	0.0545789	0.5
8.66003	0.389643	0.109412	0.499679	0.387626	0.0518167	0.5
8.67361	0.38996	0.105722	0.499681	0.385491	0.0481219	0.5
8.68036	0.390092	0.103167	0.499683	0.384372	0.0463215	0.5
8.69156	0.390136	0.101747	0.499683	0.382431	0.0433862	0.5
8.7008	0.390102	0.0969011	0.499686	0.380754	0.0410191	0.5
8.71088	0.389997	0.0946237	0.499687	0.378846	0.0384913	0.5
8.72472	0.389585	0.0898008	0.499689	0.376098	0.0351221	0.5
8.73009	0.389416	0.088389	0.49969	0.374992	0.0338471	0.5
8.74004	0.388969	0.0852983	0.499691	0.372888	0.0315363	0.5
8.75119	0.388684	0.0836219	0.499692	0.370445	0.0290249	0.5
8.76009	0.387953	0.0800084	0.499693	0.368433	0.027083	0.5
8.77042	0.387291	0.0772512	0.499694	0.366031	0.0249007	0.5
8.78005	0.387002	0.0761556	0.499694	0.36373	0.0229384	0.5
8.79243	0.385962	0.0726129	0.499696	0.360687	0.0205196	0.5
8.80055	0.384675	0.0688445	0.499696	0.358638	0.0189966	0.5
8.81012	0.384278	0.0677787	0.499697	0.356178	0.0172711	0.5
8.82027	0.382776	0.0640859	0.499697	0.353511	0.0155215	0.5
8.83061	0.381486	0.0612346	0.499698	0.350738	0.0138279	0.5
8.84005	0.380743	0.0596999	0.499698	0.348161	0.0123614	0.5
8.85013	0.378896	0.0561742	0.499698	0.345364	0.0108815	0.5
8.86088	0.377487	0.0537087	0.499699	0.342327	0.00939967	0.5
8.87005	0.376753	0.0524927	0.499699	0.3397	0.00821795	0.5
8.88041	0.374433	0.048913	0.499699	0.336692	0.00697491	0.5
8.89039	0.372799	0.0465915	0.499699	0.333758	0.00587031	0.5
8.90119	0.371615	0.0449982	0.499699	0.330546	0.00477963	0.5
8.91	0.369314	0.0421066	0.499699	0.327898	0.00397026	0.5
8.92004	0.367462	0.0399461	0.499698	0.324856	0.00313831	0.5
8.93005	0.366513	0.0388882	0.499698	0.321798	0.00240463	0.5
8.94055	0.364161	0.036409	0.499697	0.318568	0.00173896	0.5
8.95062	0.361514	0.0338249	0.499697	0.315451	0.00120085	0.5
8.96061	0.359406	0.031912	0.499696	0.312343	0.000764682	0.5
8.97259	0.357023	0.0298848	0.499695	0.3086	0.00037051	0.5
8.98059	0.355697	0.0288146	0.499694	0.306095	0.000185948	0.5
8.99173	0.354127	0.0275969	0.499694	0.302597	3.37209e-05	0.5
9.00009	0.350188	0.0247862	0.499692	0.299973	3.63001e-09	0.5
9.01164	0.34924	0.0241555	0.499691	0.296343	6.68923e-05	0.5
9.02685	0.345856	0.0220417	0.499689	0.291574	0.000355584	0.5
9.03303	0.345365	0.021752	0.499688	0.289642	0.000537899	0.5
9.04031	0.343623	0.0207624	0.499687	0.287369	0.000800889	0.5
9.05005	0.338994	0.0184007	0.499684	0.284341	0.00123367	0.5
9.06004	0.336889	0.0174353	0.499682	0.281248	0.00177392	0.5
9.07018	0.334229	0.0163014	0.49968	0.27813	0.00242078	0.5
9.08002	0.332079	0.0154534	0.499678	0.275126	0.00314295	0.5
9.09001	0.327166	0.0137438	0.499673	0.272097	0.00397168	0.5
9.10095	0.324142	0.012829	0.49967	0.268813	0.00498747	0.5
9.11013	0.321384	0.0120829	0.499666	0.266087	0.00592605	0.5
9.12002	0.318895	0.0114818	0.499663	0.263181	0.00702498	0.5
9.13006	0.317232	0.0111186	0.499661	0.260268	0.00823202	0.5
9.14066	0.314449	0.0105837	0.499658	0.257234	0.00960604	0.5
9.15026	0.310534	0.00998097	0.499652	0.254527	0.0109371	0.5
9.16009	0.308852	0.00977401	0.49965	0.251801	0.0123824	0.5
9.17326	0.305199	0.00943572	0.499645	0.248216	0.0144522	0.5
9.18005	0.302098	0.00926736	0.49964	0.246403	0.0155764	0.5
9.19195	0.300404	0.00922153	0.499638	0.243287	0.017637	0.5
9.20146	0.296443	0.0092438	0.499632	0.24085	0.0193696	0.5
9.21071	0.294185	0.00933236	0.499628	0.238532	0.021122	0.5
9.22446	0.291928	0.00947937	0.499625	0.235183	0.0238502	0.5
9.23004	0.288544	0.00981371	0.49962	0.233858	0.0249981	0.5
9.24299	0.285734	0.0101896	0.499615	0.230864	0.0277485	0.5
9.25001	0.282379	0.0107575	0.49961	0.229287	0.029292	0.5
9.26002	0.28071	0.0110879	0.499607	0.2271	0.0315491	0.5
9.2717	0.27767	0.0117746	0.499603	0.224638	0.0342694	0.5
9.28005	0.274115	0.012717	0.499598	0.222939	0.0362689	0.5
9.29159	0.272489	0.0131977	0.499596	0.22068	0.0391045	0.5
9.3001	0.269802	0.0140667	0.499592	0.219079	0.041248	0.5
9.31008	0.266348	0.0153248	0.499588	0.217277	0.0438134	0.5
9.32034	0.263467	0.0164976	0.499585	0.215509	0.0465088	0.5
9.33009	0.262431	0.0169469	0.499584	0.213911	0.0491206	0.5
9.34071	0.261143	0.0175272	0.499583	0.212262	0.0520204	0.5
9.3501	0.255566	0.0203593	0.499579	0.210884	0.0546301	0.5
9.36073	0.254574	0.0209142	0.499578	0.209419	0.0576305	0.5
9.37025	0.251155	0.0229527	0.499577	0.208194	0.0603563	0.5
9.38005	0.248297	0.0248136	0.499577	0.207017	0.0632021	0.5
9.39013	0.247595	0.0252937	0.499578	0.205898	0.0661645	0.5
9.40003	0.243922	0.0279712	0.49958	0.204892	0.0691061	0.5
9.41006	0.241478	0.0299101	0.499583	0.203966	0.072118	0.5
9.42063	0.240606	0.0306348	0.499584	0.203093	0.0753223	0.5
9.43174	0.237413	0.0334647	0.499591	0.202291	0.0787189	0.5
9.44009	0.235353	0.0354415	0.499597	0.201766	0.0812906	0.5
9.45053	0.233357	0.0374715	0.499604	0.201205	0.0845214	0.5
9.46009	0.232191	0.038715	0.499608	0.200785	0.087494	0.5
9.47074	0.229562	0.0416977	0.49962	0.200422	0.0908206	0.5
9.48049	0.227765	0.0438907	0.49963	0.200188	0.0938759	0.5
9.4915	0.22672	0.0452308	0.499637	0.200036	0.0973312	0.5
9.50012	0.224218	0.0486671	0.499654	0.2	0.100039	0.5
9.51083	0.223105	0.0503087	0.499663	0.200058	0.103402	0.5
9.52047	0.221281	0.0531791	0.49968	0.200207	0.106428	0.5
9.53058	0.219844	0.0556227	0.499695	0.200461	0.109592	0.5
9.54045	0.21835	0.0583596	0.499712	0.200806	0.112675	0.5
9.55022	0.217198	0.0606342	0.499727	0.201242	0.115713	0.5
9.56003	0.216706	0.0616548	0.499734	0.201773	0.118746	0.5
9.57011	0.215423	0.0645097	0.499753	0.202416	0.121849	0.5
9.58016	0.214344	0.0671572	0.499771	0.203154	0.124918	0.5
9.59521	0.213348	0.0698408	0.499789	0.20444	0.129468	0.5
9.60285	0.213253	0.0701114	0.499791	0.205175	0.131751	0.5
9.61109	0.212527	0.0722984	0.499805	0.206029	0.134196	0.5
9.62061	0.211188	0.0770716	0.499837	0.207093	0.13699	0.5
9.63009	0.210283	0.0810849	0.499862	0.208236	0.139741	0.5
9.64008	0.209689	0.0842578	0.499881	0.209529	0.142602	0.5
9.65014	0.209039	0.0885828	0.499906	0.210919	0.145438	0.5
9.6601	0.208831	0.0903101	0.499916	0.212384	0.148203	0.5
9.67026	0.208602	0.0926136	0.499928	0.213967	0.150973	0.5
9.68004	0.208366	0.0960718	0.499946	0.215574	0.153593	0.5
9.69016	0.208256	0.0998161	0.499964	0.217321	0.156251	0.5
9.70014	0.208251	0.101251	0.499971	0.219124	0.158814	0.5
9.71013	0.208302	0.103832	0.499982	0.22101	0.161323	0.5
9.72079	0.208574	0.10841	0.499998	0.223107	0.163933	0.5
9.7304	0.208859	0.111255	0.500006	0.225073	0.166226	0.5
9.74348	0.20911	0.113236	0.500011	0.227855	0.169247	0.5
9.75057	0.209545	0.116055	0.500017	0.229416	0.170838	0.5
9.76122	0.210018	0.118581	0.50002	0.231826	0.17316	0.5
9.77015	0.21097	0.122759	0.500023	0.233904	0.175042	0.5
9.78057	0.211256	0.123864	0.500023	0.236395	0.177165	0.5
9.79237	0.212286	0.127427	0.50002	0.2393	0.17947	0.5
9.80044	0.213276	0.130411	0.500016	0.241332	0.180982	0.5
9.81214	0.214163	0.132824	0.50001	0.24435	0.183085	0.5
9.82012	0.215452	0.135999	0.500001	0.246448	0.184452	0.5
9.83007	0.21638	0.138088	0.499993	0.249116	0.186086	0.5
9.8402	0.217617	0.140668	0.499982	0.251879	0.18766	0.5
9.85006	0.21921	0.14371	0.499967	0.254617	0.189109	0.5
9.86101	0.220049	0.145208	0.499959	0.25771	0.190618	0.5
9.87045	0.222119	0.148642	0.499938	0.260416	0.191832	0.5
9.8803	0.22385	0.151274	0.49992	0.263276	0.193012	0.5
9.89056	0.225331	0.153381	0.499904	0.266291	0.194147	0.5
9.90011	0.226352	0.154762	0.499894	0.269131	0.195116	0.5
9.91002	0.228118	0.157022	0.499875	0.272107	0.196031	0.5
9.92003	0.23052	0.159877	0.499852	0.27514	0.196861	0.5
9.93026	0.232641	0.162214	0.499831	0.278267	0.19761	0.5
