0.000169243	0.286731	-5.24738e-12	0.612709	-0.65	-0.45	0.7	-2.18166	-2.96706	-0.523599	1.39626	0	3.66519
0.0136577	0.279223	-0.00357607	0.613336	-0.65	-0.45	0.7	-2.17712	-2.96706	-0.523599	1.3586	0	3.66519
0.0203679	0.268042	-0.00883397	0.614446	-0.65	-0.45	0.7	-2.1725	-2.96706	-0.523599	1.30774	0	3.66519
0.030261	0.248475	-0.0178591	0.616526	-0.65	-0.45	0.7	-2.16809	-2.96706	-0.523599	1.22791	0	3.66519
0.040743	0.226499	-0.0277474	0.618933	-0.65	-0.45	0.7	-2.16614	-2.96706	-0.523599	1.14715	0	3.66519
0.0508855	0.212796	-0.033784	0.620428	-0.65	-0.45	0.7	-2.16585	-2.96706	-0.523599	1.10027	0	3.66519
0.0605726	0.185883	-0.0453584	0.623265	-0.65	-0.45	0.7	-2.16635	-2.96706	-0.523599	1.01438	0	3.66519
0.0700978	0.129181	-0.0686433	0.628471	-0.65	-0.45	0.7	-2.16792	-2.96706	-0.523599	0.854784	0	3.66519
0.0836073	0.0828904	-0.0868	0.631677	-0.65	-0.45	0.7	-2.16511	-2.96706	-0.523599	0.74308	0	3.66519
0.0908224	0.0647373	-0.093753	0.632596	-0.65	-0.45	0.7	-2.16215	-2.96706	-0.523599	0.703702	0	3.66519
0.100594	0.0209354	-0.110256	0.633928	-0.65	-0.45	0.7	-2.14893	-2.96706	-0.523599	0.619514	0	3.66519
0.111016	-0.0117662	-0.122436	0.634041	-0.65	-0.45	0.7	-2.13194	-2.96706	-0.523599	0.567535	0	3.66519
0.120119	-0.0333547	-0.13047	0.633673	-0.65	-0.45	0.7	-2.11672	-2.96706	-0.523599	0.538871	0	3.66519
0.130021	-0.0582222	-0.139771	0.632816	-0.65	-0.45	0.7	-2.09469	-2.96706	-0.523599	0.511957	0	3.66519
0.140019	-0.12014	-0.163571	0.62883	-0.65	-0.45	0.7	-2.01612	-2.96706	-0.523599	0.477295	0	3.66519
0.150378	-0.153051	-0.176795	0.625903	-0.65	-0.45	0.7	-1.95957	-2.96706	-0.523599	0.479837	0	3.66519
0.160709	-0.175442	-0.186083	0.623766	-0.65	-0.45	0.7	-1.91529	-2.96706	-0.523599	0.49061	0	3.66519
0.170049	-0.212709	-0.202071	0.620272	-0.65	-0.45	0.7	-1.83235	-2.96706	-0.523599	0.525214	0	3.66519
0.180135	-0.245815	-0.216692	0.617565	-0.65	-0.45	0.7	-1.75133	-2.96706	-0.523599	0.572941	0	3.66519
0.190441	-0.275229	-0.229789	0.615693	-0.65	-0.45	0.7	-1.67623	-2.96706	-0.523599	0.627554	0	3.66519
0.200088	-0.289736	-0.236205	0.614985	-0.65	-0.45	0.7	-1.63889	-2.96706	-0.523599	0.658223	0	3.66519
0.210024	-0.32691	-0.252243	0.613847	-0.65	-0.45	0.7	-1.54452	-2.96706	-0.523599	0.746307	0	3.66519
0.220703	-0.360447	-0.265913	0.613552	-0.65	-0.45	0.7	-1.46308	-2.96706	-0.523599	0.835076	0	3.66519
0.230488	-0.384962	-0.275272	0.613663	-0.65	-0.45	0.7	-1.4065	-2.96706	-0.523599	0.90399	0	3.66519
0.240848	-0.41134	-0.28469	0.613986	-0.65	-0.45	0.7	-1.3484	-2.96706	-0.523599	0.98094	0	3.66519
0.250969	-0.438991	-0.293861	0.614498	-0.65	-0.45	0.7	-1.29023	-2.96706	-0.523599	1.06428	0	3.66519
0.26017	-0.44863	-0.296903	0.614712	-0.65	-0.45	0.7	-1.27049	-2.96706	-0.523599	1.09393	0	3.66519
0.270025	-0.484626	-0.3077	0.615693	-0.65	-0.45	0.7	-1.1984	-2.96706	-0.523599	1.20753	0	3.66519
0.281304	-0.50488	-0.313517	0.616415	-0.65	-0.45	0.7	-1.15836	-2.96706	-0.523599	1.27382	0	3.66519
0.293879	-0.521576	-0.318284	0.617156	-0.65	-0.45	0.7	-1.12525	-2.96706	-0.523599	1.33015	0	3.66519
0.30092	-0.535196	-0.322232	0.617906	-0.65	-0.45	0.7	-1.09797	-2.96706	-0.523599	1.37759	0	3.66519
0.310315	-0.554919	-0.32823	0.619361	-0.65	-0.45	0.7	-1.05765	-2.96706	-0.523599	1.44951	0	3.66519
0.320314	-0.56817	-0.332603	0.620694	-0.65	-0.45	0.7	-1.02971	-2.96706	-0.523599	1.50074	0	3.66519
0.330036	-0.576529	-0.33558	0.621737	-0.65	-0.45	0.7	-1.01161	-2.96706	-0.523599	1.53465	0	3.66519
0.343666	-0.590185	-0.340991	0.623918	-0.65	-0.45	0.7	-0.980931	-2.96706	-0.523599	1.59364	0	3.66519
0.350081	-0.599187	-0.345089	0.625801	-0.65	-0.45	0.7	-0.959728	-2.96706	-0.523599	1.63578	0	3.66519
0.360127	-0.606295	-0.348741	0.627628	-0.65	-0.45	0.7	-0.942251	-2.96706	-0.523599	1.67154	0	3.66519
0.370123	-0.613838	-0.353171	0.630009	-0.65	-0.45	0.7	-0.922774	-2.96706	-0.523599	1.71268	0	3.66519
0.380089	-0.618049	-0.355968	0.631596	-0.65	-0.45	0.7	-0.911367	-2.96706	-0.523599	1.73751	0	3.66519
0.391712	-0.624318	-0.360724	0.634422	-0.65	-0.45	0.7	-0.893442	-2.96706	-0.523599	1.77783	0	3.66519
0.40041	-0.629132	-0.36503	0.637101	-0.65	-0.45	0.7	-0.878647	-2.96706	-0.523599	1.81249	0	3.66519
0.410197	-0.632496	-0.368504	0.639333	-0.65	-0.45	0.7	-0.867582	-2.96706	-0.523599	1.83937	0	3.66519
0.420218	-0.635997	-0.372679	0.642087	-0.65	-0.45	0.7	-0.855199	-2.96706	-0.523599	1.87055	0	3.66519
0.430694	-0.638423	-0.376027	0.644343	-0.65	-0.45	0.7	-0.845913	-2.96706	-0.523599	1.89479	0	3.66519
0.440439	-0.639845	-0.378222	0.645844	-0.65	-0.45	0.7	-0.84011	-2.96706	-0.523599	1.91035	0	3.66519
0.450077	-0.642096	-0.382163	0.648572	-0.65	-0.45	0.7	-0.830203	-2.96706	-0.523599	1.93773	0	3.66519
0.46162	-0.644383	-0.387006	0.651981	-0.65	-0.45	0.7	-0.818832	-2.96706	-0.523599	1.97055	0	3.66519
0.470029	-0.645687	-0.390338	0.654355	-0.65	-0.45	0.7	-0.811457	-2.96706	-0.523599	1.99271	0	3.66519
0.480478	-0.646762	-0.393557	0.656668	-0.65	-0.45	0.7	-0.804633	-2.96706	-0.523599	2.01388	0	3.66519
0.490011	-0.647642	-0.396659	0.658911	-0.65	-0.45	0.7	-0.798305	-2.96706	-0.523599	2.03412	0	3.66519
0.500023	-0.648292	-0.39935	0.660867	-0.65	-0.45	0.7	-0.792995	-2.96706	-0.523599	2.05159	0	3.66519
0.51076	-0.648931	-0.402507	0.663171	-0.65	-0.45	0.7	-0.786954	-2.96706	-0.523599	2.07202	0	3.66519
0.52053	-0.649389	-0.405248	0.665181	-0.65	-0.45	0.7	-0.781847	-2.96706	-0.523599	2.08976	0	3.66519
0.53029	-0.64975	-0.407869	0.667106	-0.65	-0.45	0.7	-0.777071	-2.96706	-0.523599	2.10675	0	3.66519
0.540045	-0.650029	-0.41037	0.668947	-0.65	-0.45	0.7	-0.772597	-2.96706	-0.523599	2.12301	0	3.66519
0.550018	-0.650242	-0.412752	0.670704	-0.65	-0.45	0.7	-0.768397	-2.96706	-0.523599	2.1386	0	3.66519
0.560354	-0.650372	-0.414575	0.672048	-0.65	-0.45	0.7	-0.765219	-2.96706	-0.523599	2.15059	0	3.66519
0.570377	-0.650505	-0.416961	0.673811	-0.65	-0.45	0.7	-0.76109	-2.96706	-0.523599	2.16641	0	3.66519
0.58009	-0.650594	-0.419213	0.675474	-0.65	-0.45	0.7	-0.757218	-2.96706	-0.523599	2.18149	0	3.66519
0.59034	-0.650637	-0.420769	0.676623	-0.65	-0.45	0.7	-0.754551	-2.96706	-0.523599	2.19202	0	3.66519
0.60009	-0.650674	-0.422978	0.678254	-0.65	-0.45	0.7	-0.750765	-2.96706	-0.523599	2.20712	0	3.66519
0.610373	-0.650687	-0.424708	0.679532	-0.65	-0.45	0.7	-0.747795	-2.96706	-0.523599	2.21911	0	3.66519
0.62015	-0.650688	-0.426342	0.680738	-0.65	-0.45	0.7	-0.744981	-2.96706	-0.523599	2.23057	0	3.66519
0.630754	-0.65068	-0.427882	0.681875	-0.65	-0.45	0.7	-0.742309	-2.96706	-0.523599	2.24153	0	3.66519
0.640648	-0.650667	-0.429334	0.682947	-0.65	-0.45	0.7	-0.739773	-2.96706	-0.523599	2.252	0	3.66519
0.650042	-0.650651	-0.430567	0.683857	-0.65	-0.45	0.7	-0.737598	-2.96706	-0.523599	2.26102	0	3.66519
0.661168	-0.650631	-0.431985	0.684905	-0.65	-0.45	0.7	-0.735072	-2.96706	-0.523599	2.27154	0	3.66519
0.670166	-0.650614	-0.433077	0.685711	-0.65	-0.45	0.7	-0.733107	-2.96706	-0.523599	2.27975	0	3.66519
0.680016	-0.650603	-0.43377	0.686224	-0.65	-0.45	0.7	-0.731845	-2.96706	-0.523599	2.28503	0	3.66519
0.69044	-0.650581	-0.435185	0.687271	-0.65	-0.45	0.7	-0.729236	-2.96706	-0.523599	2.29596	0	3.66519
0.701156	-0.650575	-0.435597	0.687576	-0.65	-0.45	0.7	-0.728466	-2.96706	-0.523599	2.29919	0	3.66519
0.710023	-0.650554	-0.437234	0.688792	-0.65	-0.45	0.7	-0.72536	-2.96706	-0.523599	2.31221	0	3.66519
0.720727	-0.650545	-0.4382	0.689511	-0.65	-0.45	0.7	-0.723484	-2.96706	-0.523599	2.32006	0	3.66519
0.730492	-0.650539	-0.439018	0.690123	-0.65	-0.45	0.7	-0.721866	-2.96706	-0.523599	2.32682	0	3.66519
0.740262	-0.650536	-0.43971	0.69064	-0.65	-0.45	0.7	-0.720476	-2.96706	-0.523599	2.33261	0	3.66519
0.75002	-0.650535	-0.44043	0.691183	-0.65	-0.45	0.7	-0.719006	-2.96706	-0.523599	2.33873	0	3.66519
0.760064	-0.650537	-0.441167	0.69174	-0.65	-0.45	0.7	-0.717472	-2.96706	-0.523599	2.3451	0	3.66519
0.770852	-0.650541	-0.44173	0.692168	-0.65	-0.45	0.7	-0.716279	-2.96706	-0.523599	2.35004	0	3.66519
0.780337	-0.650547	-0.442315	0.692615	-0.65	-0.45	0.7	-0.715017	-2.96706	-0.523599	2.35525	0	3.66519
0.790024	-0.650556	-0.442913	0.693076	-0.65	-0.45	0.7	-0.713702	-2.96706	-0.523599	2.36065	0	3.66519
0.800827	-0.650565	-0.443417	0.693468	-0.65	-0.45	0.7	-0.71257	-2.96706	-0.523599	2.36527	0	3.66519
0.811698	-0.650573	-0.44375	0.693727	-0.65	-0.45	0.7	-0.711811	-2.96706	-0.523599	2.36836	0	3.66519
0.820341	-0.650584	-0.444196	0.694079	-0.65	-0.45	0.7	-0.710776	-2.96706	-0.523599	2.37255	0	3.66519
0.830014	-0.650595	-0.444571	0.694379	-0.65	-0.45	0.7	-0.70989	-2.96706	-0.523599	2.37611	0	3.66519
0.840858	-0.650613	-0.445107	0.69481	-0.65	-0.45	0.7	-0.708593	-2.96706	-0.523599	2.38129	0	3.66519
0.850066	-0.650626	-0.445457	0.695097	-0.65	-0.45	0.7	-0.707724	-2.96706	-0.523599	2.38473	0	3.66519
0.862013	-0.650636	-0.445719	0.695314	-0.65	-0.45	0.7	-0.707063	-2.96706	-0.523599	2.38733	0	3.66519
0.870143	-0.650651	-0.446084	0.69562	-0.65	-0.45	0.7	-0.706124	-2.96706	-0.523599	2.39099	0	3.66519
0.881462	-0.650661	-0.44631	0.695812	-0.65	-0.45	0.7	-0.705532	-2.96706	-0.523599	2.39328	0	3.66519
0.890304	-0.650675	-0.446623	0.696083	-0.65	-0.45	0.7	-0.70469	-2.96706	-0.523599	2.39649	0	3.66519
0.900017	-0.650686	-0.446864	0.696294	-0.65	-0.45	0.7	-0.704029	-2.96706	-0.523599	2.39898	0	3.66519
0.91233	-0.650696	-0.447087	0.696494	-0.65	-0.45	0.7	-0.703404	-2.96706	-0.523599	2.40131	0	3.66519
0.920182	-0.650704	-0.447274	0.696663	-0.65	-0.45	0.7	-0.70287	-2.96706	-0.523599	2.40327	0	3.66519
0.930009	-0.650709	-0.447391	0.696771	-0.65	-0.45	0.7	-0.702527	-2.96706	-0.523599	2.40452	0	3.66519
0.940084	-0.65072	-0.447661	0.697025	-0.65	-0.45	0.7	-0.701716	-2.96706	-0.523599	2.4074	0	3.66519
0.950245	-0.650726	-0.447824	0.697183	-0.65	-0.45	0.7	-0.70121	-2.96706	-0.523599	2.40915	0	3.66519
0.96215	-0.650731	-0.447976	0.697331	-0.65	-0.45	0.7	-0.700729	-2.96706	-0.523599	2.41078	0	3.66519
0.970757	-0.650735	-0.448115	0.697471	-0.65	-0.45	0.7	-0.70027	-2.96706	-0.523599	2.41228	0	3.66519
0.980044	-0.650738	-0.448244	0.697604	-0.65	-0.45	0.7	-0.699834	-2.96706	-0.523599	2.41368	0	3.66519
0.991242	-0.65074	-0.448363	0.697728	-0.65	-0.45	0.7	-0.69942	-2.96706	-0.523599	2.41497	0	3.66519
1.00006	-0.65074	-0.448463	0.697835	-0.65	-0.45	0.7	-0.699064	-2.96706	-0.523599	2.41604	0	3.66519
1.01301	-0.650739	-0.448536	0.697914	-0.65	-0.45	0.7	-0.698797	-2.96706	-0.523599	2.41682	0	3.66519
1.02009	-0.650737	-0.44867	0.698064	-0.65	-0.45	0.7	-0.698285	-2.96706	-0.523599	2.41825	0	3.66519
1.03095	-0.650735	-0.448723	0.698125	-0.65	-0.45	0.7	-0.698076	-2.96706	-0.523599	2.41881	0	3.66519
1.04052	-0.650731	-0.448815	0.698231	-0.65	-0.45	0.7	-0.697704	-2.96706	-0.523599	2.41977	0	3.66519
1.05187	-0.650723	-0.448927	0.698366	-0.65	-0.45	0.7	-0.697221	-2.96706	-0.523599	2.42092	0	3.66519
1.06058	-0.650719	-0.448982	0.698433	-0.65	-0.45	0.7	-0.696973	-2.96706	-0.523599	2.42147	0	3.66519
1.07036	-0.650711	-0.449046	0.698513	-0.65	-0.45	0.7	-0.696674	-2.96706	-0.523599	2.4221	0	3.66519
1.08113	-0.650704	-0.449105	0.698589	-0.65	-0.45	0.7	-0.696385	-2.96706	-0.523599	2.42266	0	3.66519
1.09087	-0.650695	-0.449159	0.698661	-0.65	-0.45	0.7	-0.696105	-2.96706	-0.523599	2.42317	0	3.66519
1.10008	-0.650686	-0.449206	0.698723	-0.65	-0.45	0.7	-0.69586	-2.96706	-0.523599	2.42358	0	3.66519
1.11335	-0.650675	-0.449257	0.698795	-0.65	-0.45	0.7	-0.695568	-2.96706	-0.523599	2.42402	0	3.66519
1.12018	-0.650673	-0.449266	0.698807	-0.65	-0.45	0.7	-0.695516	-2.96706	-0.523599	2.42409	0	3.66519
1.13019	-0.650666	-0.449292	0.698844	-0.65	-0.45	0.7	-0.695361	-2.96706	-0.523599	2.4243	0	3.66519
1.14029	-0.650641	-0.449379	0.698969	-0.65	-0.45	0.7	-0.694806	-2.96706	-0.523599	2.42494	0	3.66519
1.15024	-0.650627	-0.449415	0.699022	-0.65	-0.45	0.7	-0.694561	-2.96706	-0.523599	2.42517	0	3.66519
1.16196	-0.65062	-0.449435	0.699052	-0.65	-0.45	0.7	-0.694417	-2.96706	-0.523599	2.42529	0	3.66519
1.17041	-0.650601	-0.449478	0.699118	-0.65	-0.45	0.7	-0.694087	-2.96706	-0.523599	2.42552	0	3.66519
1.18013	-0.650592	-0.449499	0.69915	-0.65	-0.45	0.7	-0.693924	-2.96706	-0.523599	2.42561	0	3.66519
1.19048	-0.650574	-0.449533	0.699205	-0.65	-0.45	0.7	-0.693626	-2.96706	-0.523599	2.42574	0	3.66519
1.20025	-0.650561	-0.449556	0.699242	-0.65	-0.45	0.7	-0.693423	-2.96706	-0.523599	2.4258	0	3.66519
1.21651	-0.650549	-0.449575	0.699273	-0.65	-0.45	0.7	-0.693244	-2.96706	-0.523599	2.42584	0	3.66519
1.22009	-0.650538	-0.449591	0.699299	-0.65	-0.45	0.7	-0.693088	-2.96706	-0.523599	2.42586	0	3.66519
1.23054	-0.650516	-0.449624	0.699354	-0.65	-0.45	0.7	-0.692734	-2.96706	-0.523599	2.42587	0	3.66519
1.24028	-0.6505	-0.449643	0.699388	-0.65	-0.45	0.7	-0.692516	-2.96706	-0.523599	2.42584	0	3.66519
1.25005	-0.650489	-0.449658	0.699412	-0.65	-0.45	0.7	-0.692342	-2.96706	-0.523599	2.42581	0	3.66519
1.26239	-0.650468	-0.449682	0.699454	-0.65	-0.45	0.7	-0.69204	-2.96706	-0.523599	2.42573	0	3.66519
1.27002	-0.650457	-0.449695	0.699476	-0.65	-0.45	0.7	-0.691867	-2.96706	-0.523599	2.42567	0	3.66519
1.28173	-0.65045	-0.449702	0.699489	-0.65	-0.45	0.7	-0.69176	-2.96706	-0.523599	2.42563	0	3.66519
1.29011	-0.650429	-0.449722	0.699525	-0.65	-0.45	0.7	-0.691462	-2.96706	-0.523599	2.4255	0	3.66519
1.30083	-0.650414	-0.449737	0.699552	-0.65	-0.45	0.7	-0.691228	-2.96706	-0.523599	2.42537	0	3.66519
1.31026	-0.650399	-0.44975	0.699575	-0.65	-0.45	0.7	-0.691016	-2.96706	-0.523599	2.42525	0	3.66519
1.32036	-0.650386	-0.449762	0.699596	-0.65	-0.45	0.7	-0.690806	-2.96706	-0.523599	2.42512	0	3.66519
1.33032	-0.650377	-0.44977	0.699609	-0.65	-0.45	0.7	-0.69068	-2.96706	-0.523599	2.42503	0	3.66519
1.34015	-0.650364	-0.44978	0.699628	-0.65	-0.45	0.7	-0.69047	-2.96706	-0.523599	2.42489	0	3.66519
1.35012	-0.650347	-0.449794	0.699653	-0.65	-0.45	0.7	-0.690199	-2.96706	-0.523599	2.42469	0	3.66519
1.36008	-0.650333	-0.449805	0.699672	-0.65	-0.45	0.7	-0.68997	-2.96706	-0.523599	2.42451	0	3.66519
1.37019	-0.650328	-0.449808	0.699679	-0.65	-0.45	0.7	-0.689887	-2.96706	-0.523599	2.42444	0	3.66519
1.38016	-0.650317	-0.449816	0.699694	-0.65	-0.45	0.7	-0.689701	-2.96706	-0.523599	2.42429	0	3.66519
1.39006	-0.650296	-0.449831	0.69972	-0.65	-0.45	0.7	-0.689352	-2.96706	-0.523599	2.42399	0	3.66519
1.40045	-0.650285	-0.449839	0.699734	-0.65	-0.45	0.7	-0.689147	-2.96706	-0.523599	2.42381	0	3.66519
1.4114	-0.650272	-0.449847	0.699749	-0.65	-0.45	0.7	-0.688924	-2.96706	-0.523599	2.4236	0	3.66519
1.42098	-0.650262	-0.449854	0.699761	-0.65	-0.45	0.7	-0.688742	-2.96706	-0.523599	2.42343	0	3.66519
1.43005	-0.650254	-0.449859	0.699769	-0.65	-0.45	0.7	-0.688601	-2.96706	-0.523599	2.4233	0	3.66519
1.44051	-0.650241	-0.449867	0.699785	-0.65	-0.45	0.7	-0.68834	-2.96706	-0.523599	2.42305	0	3.66519
1.45025	-0.650231	-0.449873	0.699796	-0.65	-0.45	0.7	-0.68814	-2.96706	-0.523599	2.42285	0	3.66519
1.461	-0.650221	-0.449879	0.699806	-0.65	-0.45	0.7	-0.687941	-2.96706	-0.523599	2.42266	0	3.66519
1.47077	-0.650211	-0.449885	0.699816	-0.65	-0.45	0.7	-0.687744	-2.96706	-0.523599	2.42246	0	3.66519
1.48053	-0.650207	-0.449888	0.699821	-0.65	-0.45	0.7	-0.687646	-2.96706	-0.523599	2.42236	0	3.66519
1.49029	-0.650194	-0.449896	0.699834	-0.65	-0.45	0.7	-0.687352	-2.96706	-0.523599	2.42207	0	3.66519
1.50005	-0.650185	-0.4499	0.699843	-0.65	-0.45	0.7	-0.687158	-2.96706	-0.523599	2.42187	0	3.66519
1.51154	-0.650177	-0.449905	0.69985	-0.65	-0.45	0.7	-0.686985	-2.96706	-0.523599	2.42169	0	3.66519
1.52002	-0.650169	-0.44991	0.699859	-0.65	-0.45	0.7	-0.686774	-2.96706	-0.523599	2.42148	0	3.66519
1.53033	-0.650161	-0.449914	0.699866	-0.65	-0.45	0.7	-0.686584	-2.96706	-0.523599	2.42128	0	3.66519
1.54013	-0.650155	-0.449918	0.699872	-0.65	-0.45	0.7	-0.686415	-2.96706	-0.523599	2.4211	0	3.66519
1.55003	-0.650147	-0.449922	0.699879	-0.65	-0.45	0.7	-0.686228	-2.96706	-0.523599	2.42091	0	3.66519
1.56061	-0.65014	-0.449925	0.699886	-0.65	-0.45	0.7	-0.686024	-2.96706	-0.523599	2.4207	0	3.66519
1.57037	-0.650134	-0.449929	0.699891	-0.65	-0.45	0.7	-0.68584	-2.96706	-0.523599	2.4205	0	3.66519
1.58015	-0.650128	-0.449933	0.699897	-0.65	-0.45	0.7	-0.685657	-2.96706	-0.523599	2.42031	0	3.66519
1.59003	-0.650124	-0.449935	0.699901	-0.65	-0.45	0.7	-0.685549	-2.96706	-0.523599	2.4202	0	3.66519
1.60066	-0.650116	-0.449939	0.699907	-0.65	-0.45	0.7	-0.685298	-2.96706	-0.523599	2.41994	0	3.66519
1.61006	-0.650111	-0.449942	0.699912	-0.65	-0.45	0.7	-0.68512	-2.96706	-0.523599	2.41975	0	3.66519
1.62183	-0.650107	-0.449944	0.699915	-0.65	-0.45	0.7	-0.684997	-2.96706	-0.523599	2.41962	0	3.66519
1.63008	-0.650102	-0.449946	0.69992	-0.65	-0.45	0.7	-0.684823	-2.96706	-0.523599	2.41944	0	3.66519
1.6407	-0.650097	-0.449949	0.699923	-0.65	-0.45	0.7	-0.684651	-2.96706	-0.523599	2.41926	0	3.66519
1.65046	-0.650091	-0.449952	0.699929	-0.65	-0.45	0.7	-0.684429	-2.96706	-0.523599	2.41902	0	3.66519
1.66022	-0.650087	-0.449954	0.699933	-0.65	-0.45	0.7	-0.684261	-2.96706	-0.523599	2.41885	0	3.66519
1.67098	-0.650083	-0.449956	0.699935	-0.65	-0.45	0.7	-0.684094	-2.96706	-0.523599	2.41867	0	3.66519
1.68007	-0.650079	-0.449958	0.699939	-0.65	-0.45	0.7	-0.68393	-2.96706	-0.523599	2.4185	0	3.66519
1.6905	-0.650075	-0.44996	0.699942	-0.65	-0.45	0.7	-0.683767	-2.96706	-0.523599	2.41833	0	3.66519
1.7003	-0.650072	-0.449962	0.699945	-0.65	-0.45	0.7	-0.683606	-2.96706	-0.523599	2.41816	0	3.66519
1.71207	-0.650069	-0.449964	0.699947	-0.65	-0.45	0.7	-0.683463	-2.96706	-0.523599	2.41801	0	3.66519
1.72009	-0.650065	-0.449965	0.69995	-0.65	-0.45	0.7	-0.683291	-2.96706	-0.523599	2.41783	0	3.66519
1.73188	-0.650062	-0.449967	0.699953	-0.65	-0.45	0.7	-0.683167	-2.96706	-0.523599	2.4177	0	3.66519
1.74032	-0.650059	-0.449968	0.699956	-0.65	-0.45	0.7	-0.682983	-2.96706	-0.523599	2.41751	0	3.66519
1.75007	-0.650056	-0.44997	0.699958	-0.65	-0.45	0.7	-0.682832	-2.96706	-0.523599	2.41735	0	3.66519
1.76089	-0.650054	-0.449971	0.699959	-0.65	-0.45	0.7	-0.682727	-2.96706	-0.523599	2.41724	0	3.66519
1.77059	-0.65005	-0.449973	0.699962	-0.65	-0.45	0.7	-0.682536	-2.96706	-0.523599	2.41704	0	3.66519
1.78013	-0.650048	-0.449974	0.699964	-0.65	-0.45	0.7	-0.682405	-2.96706	-0.523599	2.41691	0	3.66519
1.79012	-0.650046	-0.449975	0.699966	-0.65	-0.45	0.7	-0.682247	-2.96706	-0.523599	2.41675	0	3.66519
1.80003	-0.650044	-0.449976	0.699967	-0.65	-0.45	0.7	-0.682148	-2.96706	-0.523599	2.41664	0	3.66519
1.81698	-0.650041	-0.449978	0.699969	-0.65	-0.45	0.7	-0.68198	-2.96706	-0.523599	2.41647	0	3.66519
1.82019	-0.650042	-0.449978	0.699968	-0.65	-0.45	0.7	-0.681966	-2.96706	-0.523599	2.41646	0	3.66519
1.83137	-0.650038	-0.449979	0.699972	-0.65	-0.45	0.7	-0.681706	-2.96706	-0.523599	2.41619	0	3.66519
1.8409	-0.650036	-0.44998	0.699973	-0.65	-0.45	0.7	-0.681558	-2.96706	-0.523599	2.41603	0	3.66519
1.85001	-0.650034	-0.449981	0.699974	-0.65	-0.45	0.7	-0.681426	-2.96706	-0.523599	2.4159	0	3.66519
1.8617	-0.650033	-0.449982	0.699975	-0.65	-0.45	0.7	-0.681322	-2.96706	-0.523599	2.41579	0	3.66519
1.87021	-0.650031	-0.449982	0.699977	-0.65	-0.45	0.7	-0.681167	-2.96706	-0.523599	2.41563	0	3.66519
1.88015	-0.65003	-0.449983	0.699977	-0.65	-0.45	0.7	-0.681091	-2.96706	-0.523599	2.41555	0	3.66519
1.89001	-0.650028	-0.449984	0.699979	-0.65	-0.45	0.7	-0.680916	-2.96706	-0.523599	2.41538	0	3.66519
1.90046	-0.650027	-0.449985	0.69998	-0.65	-0.45	0.7	-0.680794	-2.96706	-0.523599	2.41525	0	3.66519
1.91355	-0.650025	-0.449986	0.699981	-0.65	-0.45	0.7	-0.680685	-2.96706	-0.523599	2.41514	0	3.66519
1.92003	-0.650025	-0.449986	0.699982	-0.65	-0.45	0.7	-0.680565	-2.96706	-0.523599	2.41502	0	3.66519
1.93001	-0.650025	-0.449986	0.699982	-0.65	-0.45	0.7	-0.680506	-2.96706	-0.523599	2.41496	0	3.66519
1.94008	-0.650023	-0.449987	0.699983	-0.65	-0.45	0.7	-0.68032	-2.96706	-0.523599	2.41477	0	3.66519
1.95028	-0.650021	-0.449988	0.699985	-0.65	-0.45	0.7	-0.680206	-2.96706	-0.523599	2.41465	0	3.66519
1.96247	-0.650021	-0.449988	0.699985	-0.65	-0.45	0.7	-0.680116	-2.96706	-0.523599	2.41456	0	3.66519
1.97008	-0.650019	-0.449989	0.699986	-0.65	-0.45	0.7	-0.679995	-2.96706	-0.523599	2.41444	0	3.66519
1.98005	-0.650019	-0.449989	0.699987	-0.65	-0.45	0.7	-0.679875	-2.96706	-0.523599	2.41431	0	3.66519
1.99003	-0.650018	-0.44999	0.699987	-0.65	-0.45	0.7	-0.679768	-2.96706	-0.523599	2.4142	0	3.66519
2.00012	-0.650018	-0.44999	0.699987	-0.65	-0.45	0.7	-0.679673	-2.96706	-0.523599	2.41411	0	3.66519
2.01025	-0.650016	-0.449991	0.699988	-0.65	-0.45	0.7	-0.679559	-2.96706	-0.523599	2.41399	0	3.66519
2.0206	-0.650016	-0.449991	0.699989	-0.65	-0.45	0.7	-0.679457	-2.96706	-0.523599	2.41389	0	3.66519
2.03061	-0.650015	-0.449991	0.69999	-0.65	-0.45	0.7	-0.679376	-2.96706	-0.523599	2.41381	0	3.66519
2.04011	-0.650015	-0.449991	0.69999	-0.65	-0.45	0.7	-0.679257	-2.96706	-0.523599	2.41369	0	3.66519
2.05013	-0.650014	-0.449992	0.69999	-0.65	-0.45	0.7	-0.67916	-2.96706	-0.523599	2.41359	0	3.66519
2.06003	-0.650014	-0.449992	0.69999	-0.65	-0.45	0.7	-0.679092	-2.96706	-0.523599	2.41352	0	3.66519
2.07039	-0.650012	-0.449992	0.699992	-0.65	-0.45	0.7	-0.67897	-2.96706	-0.523599	2.4134	0	3.66519
2.08015	-0.650012	-0.449992	0.699991	-0.65	-0.45	0.7	-0.678895	-2.96706	-0.523599	2.41332	0	3.66519
2.09018	-0.650012	-0.449993	0.699991	-0.65	-0.45	0.7	-0.678794	-2.96706	-0.523599	2.41322	0	3.66519
2.10069	-0.650011	-0.449993	0.699992	-0.65	-0.45	0.7	-0.678695	-2.96706	-0.523599	2.41312	0	3.66519
2.11035	-0.650011	-0.449994	0.699992	-0.65	-0.45	0.7	-0.678607	-2.96706	-0.523599	2.41303	0	3.66519
2.12031	-0.650011	-0.449994	0.699992	-0.65	-0.45	0.7	-0.678528	-2.96706	-0.523599	2.41295	0	3.66519
2.13017	-0.65001	-0.449994	0.699993	-0.65	-0.45	0.7	-0.678443	-2.96706	-0.523599	2.41287	0	3.66519
2.14003	-0.650009	-0.449994	0.699993	-0.65	-0.45	0.7	-0.67835	-2.96706	-0.523599	2.41277	0	3.66519
2.1505	-0.650009	-0.449994	0.699994	-0.65	-0.45	0.7	-0.678267	-2.96706	-0.523599	2.41269	0	3.66519
2.16021	-0.650009	-0.449994	0.699994	-0.65	-0.45	0.7	-0.678218	-2.96706	-0.523599	2.41264	0	3.66519
2.17001	-0.650008	-0.449995	0.699995	-0.65	-0.45	0.7	-0.678105	-2.96706	-0.523599	2.41253	0	3.66519
2.18003	-0.650008	-0.449995	0.699995	-0.65	-0.45	0.7	-0.678034	-2.96706	-0.523599	2.41246	0	3.66519
2.19003	-0.650008	-0.449995	0.699995	-0.65	-0.45	0.7	-0.677948	-2.96706	-0.523599	2.41237	0	3.66519
2.20028	-0.650007	-0.449995	0.699995	-0.65	-0.45	0.7	-0.677872	-2.96706	-0.523599	2.41229	0	3.66519
2.21009	-0.650007	-0.449995	0.699995	-0.65	-0.45	0.7	-0.677819	-2.96706	-0.523599	2.41224	0	3.66519
2.2208	-0.650007	-0.449996	0.699995	-0.65	-0.45	0.7	-0.677722	-2.96706	-0.523599	2.41214	0	3.66519
2.23155	-0.650006	-0.449996	0.699996	-0.65	-0.45	0.7	-0.677657	-2.96706	-0.523599	2.41208	0	3.66519
2.24004	-0.650006	-0.449996	0.699996	-0.65	-0.45	0.7	-0.677613	-2.96706	-0.523599	2.41203	0	3.66519
2.25306	-0.650007	-0.449995	0.699996	-0.65	-0.45	0.7	-0.677514	-2.96706	-0.523599	2.41194	0	3.66519
2.26085	-0.650006	-0.449996	0.699996	-0.65	-0.45	0.7	-0.677438	-2.96706	-0.523599	2.41186	0	3.66519
2.27005	-0.650006	-0.449996	0.699996	-0.65	-0.45	0.7	-0.67737	-2.96706	-0.523599	2.41179	0	3.66519
2.28252	-0.650006	-0.449996	0.699996	-0.65	-0.45	0.7	-0.677329	-2.96706	-0.523599	2.41175	0	3.66519
2.29017	-0.650005	-0.449997	0.699996	-0.65	-0.45	0.7	-0.677243	-2.96706	-0.523599	2.41167	0	3.66519
2.30092	-0.650005	-0.449996	0.699997	-0.65	-0.45	0.7	-0.677171	-2.96706	-0.523599	2.41159	0	3.66519
2.31003	-0.650005	-0.449996	0.699997	-0.65	-0.45	0.7	-0.677108	-2.96706	-0.523599	2.41153	0	3.66519
2.32041	-0.650005	-0.449996	0.699997	-0.65	-0.45	0.7	-0.677057	-2.96706	-0.523599	2.41148	0	3.66519
2.33256	-0.650005	-0.449997	0.699997	-0.65	-0.45	0.7	-0.677001	-2.96706	-0.523599	2.41142	0	3.66519
2.3403	-0.650005	-0.449997	0.699997	-0.65	-0.45	0.7	-0.676928	-2.96706	-0.523599	2.41135	0	3.66519
2.35016	-0.650005	-0.449997	0.699997	-0.65	-0.45	0.7	-0.676862	-2.96706	-0.523599	2.41129	0	3.66519
2.36279	-0.650004	-0.449997	0.699998	-0.65	-0.45	0.7	-0.67681	-2.96706	-0.523599	2.41123	0	3.66519
2.37025	-0.650004	-0.449997	0.699997	-0.65	-0.45	0.7	-0.676752	-2.96706	-0.523599	2.41118	0	3.66519
2.3804	-0.650004	-0.449997	0.699998	-0.65	-0.45	0.7	-0.676689	-2.96706	-0.523599	2.41111	0	3.66519
2.39073	-0.650004	-0.449998	0.699997	-0.65	-0.45	0.7	-0.676633	-2.96706	-0.523599	2.41106	0	3.66519
2.40048	-0.650004	-0.449997	0.699998	-0.65	-0.45	0.7	-0.676578	-2.96706	-0.523599	2.411	0	3.66519
2.41006	-0.650004	-0.449997	0.699998	-0.65	-0.45	0.7	-0.676546	-2.96706	-0.523599	2.41097	0	3.66519
2.42001	-0.650004	-0.449997	0.699998	-0.65	-0.45	0.7	-0.676471	-2.96706	-0.523599	2.4109	0	3.66519
2.43095	-0.650004	-0.449998	0.699997	-0.65	-0.45	0.7	-0.676434	-2.96706	-0.523599	2.41086	0	3.66519
2.44054	-0.650003	-0.449997	0.699998	-0.65	-0.45	0.7	-0.676367	-2.96706	-0.523599	2.41079	0	3.66519
2.4501	-0.650003	-0.449997	0.699998	-0.65	-0.45	0.7	-0.676327	-2.96706	-0.523599	2.41075	0	3.66519
2.46104	-0.650003	-0.449997	0.699998	-0.65	-0.45	0.7	-0.676267	-2.96706	-0.523599	2.41069	0	3.66519
2.47015	-0.650003	-0.449998	0.699998	-0.65	-0.45	0.7	-0.676223	-2.96706	-0.523599	2.41065	0	3.66519
2.48023	-0.650003	-0.449998	0.699998	-0.65	-0.45	0.7	-0.67617	-2.96706	-0.523599	2.4106	0	3.66519
2.49037	-0.650003	-0.449998	0.699998	-0.65	-0.45	0.7	-0.676122	-2.96706	-0.523599	2.41055	0	3.66519
2.50011	-0.650003	-0.449998	0.699998	-0.65	-0.45	0.7	-0.676094	-2.96706	-0.523599	2.41052	0	3.66519
2.51001	-0.650003	-0.449998	0.699998	-0.65	-0.45	0.7	-0.676035	-2.96706	-0.523599	2.41046	0	3.66519
2.52064	-0.650003	-0.449998	0.699999	-0.65	-0.45	0.7	-0.675998	-2.96706	-0.523599	2.41043	0	3.66519
2.53038	-0.650002	-0.449998	0.699999	-0.65	-0.45	0.7	-0.675941	-2.96706	-0.523599	2.41037	0	3.66519
2.54005	-0.650003	-0.449998	0.699999	-0.65	-0.45	0.7	-0.675897	-2.96706	-0.523599	2.41033	0	3.66519
2.55091	-0.650003	-0.449998	0.699999	-0.65	-0.45	0.7	-0.675854	-2.96706	-0.523599	2.41028	0	3.66519
2.5606	-0.650002	-0.449998	0.699999	-0.65	-0.45	0.7	-0.675812	-2.96706	-0.523599	2.41024	0	3.66519
2.57067	-0.650002	-0.449998	0.699999	-0.65	-0.45	0.7	-0.675775	-2.96706	-0.523599	2.4102	0	3.66519
2.58022	-0.650002	-0.449998	0.699999	-0.65	-0.45	0.7	-0.67573	-2.96706	-0.523599	2.41016	0	3.66519
2.59052	-0.650002	-0.449998	0.699999	-0.65	-0.45	0.7	-0.67569	-2.96706	-0.523599	2.41012	0	3.66519
2.60071	-0.650002	-0.449998	0.699999	-0.65	-0.45	0.7	-0.675658	-2.96706	-0.523599	2.41009	0	3.66519
2.61048	-0.650002	-0.449998	0.699999	-0.65	-0.45	0.7	-0.675612	-2.96706	-0.523599	2.41004	0	3.66519
2.62023	-0.650002	-0.449998	0.699999	-0.65	-0.45	0.7	-0.675574	-2.96706	-0.523599	2.41001	0	3.66519
2.63088	-0.650002	-0.449998	0.699999	-0.65	-0.45	0.7	-0.675536	-2.96706	-0.523599	2.40997	0	3.66519
2.64001	-0.650002	-0.449998	0.699999	-0.65	-0.45	0.7	-0.675499	-2.96706	-0.523599	2.40993	0	3.66519
2.65051	-0.650002	-0.449998	0.699999	-0.65	-0.45	0.7	-0.675463	-2.96706	-0.523599	2.4099	0	3.66519
2.66004	-0.650002	-0.449998	0.699999	-0.65	-0.45	0.7	-0.675427	-2.96706	-0.523599	2.40986	0	3.66519
2.67054	-0.650001	-0.449999	0.699999	-0.65	-0.45	0.7	-0.675403	-2.96706	-0.523599	2.40984	0	3.66519
2.68355	-0.650002	-0.449998	0.699999	-0.65	-0.45	0.7	-0.675385	-2.96706	-0.523599	2.40982	0	3.66519
2.6901	-0.650002	-0.449999	0.699999	-0.65	-0.45	0.7	-0.675324	-2.96706	-0.523599	2.40976	0	3.66519
2.7003	-0.650002	-0.449999	0.699999	-0.65	-0.45	0.7	-0.6753	-2.96706	-0.523599	2.40973	0	3.66519
2.71009	-0.650001	-0.449999	0.699999	-0.65	-0.45	0.7	-0.675258	-2.96706	-0.523599	2.40969	0	3.66519
2.72036	-0.650002	-0.449998	0.699999	-0.65	-0.45	0.7	-0.675225	-2.96706	-0.523599	2.40966	0	3.66519
2.73003	-0.650002	-0.449999	0.699999	-0.65	-0.45	0.7	-0.675203	-2.96706	-0.523599	2.40964	0	3.66519
2.74003	-0.650002	-0.449999	0.699999	-0.65	-0.45	0.7	-0.675162	-2.96706	-0.523599	2.4096	0	3.66519
2.75047	-0.650001	-0.449999	0.7	-0.65	-0.45	0.7	-0.675141	-2.96706	-0.523599	2.40958	0	3.66519
2.76016	-0.650001	-0.449999	0.7	-0.65	-0.45	0.7	-0.675105	-2.96706	-0.523599	2.40954	0	3.66519
2.77001	-0.650002	-0.449999	0.699999	-0.65	-0.45	0.7	-0.675072	-2.96706	-0.523599	2.40951	0	3.66519
2.78041	-0.650002	-0.449999	0.699999	-0.65	-0.45	0.7	-0.675046	-2.96706	-0.523599	2.40948	0	3.66519
2.79016	-0.650002	-0.449999	0.699999	-0.65	-0.45	0.7	-0.675014	-2.96706	-0.523599	2.40945	0	3.66519
2.80108	-0.650001	-0.449999	0.699999	-0.65	-0.45	0.7	-0.674986	-2.96706	-0.523599	2.40942	0	3.66519
2.81036	-0.650001	-0.449999	0.7	-0.65	-0.45	0.7	-0.674958	-2.96706	-0.523599	2.4094	0	3.66519
2.82015	-0.650001	-0.449999	0.699999	-0.65	-0.45	0.7	-0.674931	-2.96706	-0.523599	2.40937	0	3.66519
2.83014	-0.650001	-0.449999	0.7	-0.65	-0.45	0.7	-0.674915	-2.96706	-0.523599	2.40935	0	3.66519
2.84004	-0.650002	-0.449999	0.699999	-0.65	-0.45	0.7	-0.674888	-2.96706	-0.523599	2.40933	0	3.66519
2.85072	-0.650001	-0.449999	0.699999	-0.65	-0.45	0.7	-0.674851	-2.96706	-0.523599	2.40929	0	3.66519
2.86026	-0.650001	-0.449999	0.7	-0.65	-0.45	0.7	-0.674826	-2.96706	-0.523599	2.40926	0	3.66519
2.87026	-0.650001	-0.449999	0.699999	-0.65	-0.45	0.7	-0.674801	-2.96706	-0.523599	2.40924	0	3.66519
2.88025	-0.650001	-0.449999	0.699999	-0.65	-0.45	0.7	-0.674779	-2.96706	-0.523599	2.40922	0	3.66519
2.89036	-0.650001	-0.449999	0.7	-0.65	-0.45	0.7	-0.674752	-2.96706	-0.523599	2.40919	0	3.66519
2.90052	-0.650001	-0.449999	0.699999	-0.65	-0.45	0.7	-0.674728	-2.96706	-0.523599	2.40917	0	3.66519
2.91001	-0.650001	-0.449999	0.699999	-0.65	-0.45	0.7	-0.674704	-2.96706	-0.523599	2.40915	0	3.66519
2.92006	-0.650001	-0.449999	0.7	-0.65	-0.45	0.7	-0.674684	-2.96706	-0.523599	2.40912	0	3.66519
2.93182	-0.650001	-0.449999	0.7	-0.65	-0.45	0.7	-0.674661	-2.96706	-0.523599	2.4091	0	3.66519
2.94056	-0.650001	-0.449999	0.7	-0.65	-0.45	0.7	-0.674636	-2.96706	-0.523599	2.40908	0	3.66519
2.95032	-0.650001	-0.449999	0.699999	-0.65	-0.45	0.7	-0.674614	-2.96706	-0.523599	2.40906	0	3.66519
2.96002	-0.650001	-0.449999	0.7	-0.65	-0.45	0.7	-0.674601	-2.96706	-0.523599	2.40904	0	3.66519
2.97085	-0.650001	-0.449999	0.699999	-0.65	-0.45	0.7	-0.674573	-2.96706	-0.523599	2.40902	0	3.66519
2.98061	-0.650001	-0.449999	0.7	-0.65	-0.45	0.7	-0.67455	-2.96706	-0.523599	2.40899	0	3.66519
2.99037	-0.650001	-0.449999	0.7	-0.65	-0.45	0.7	-0.67453	-2.96706	-0.523599	2.40897	0	3.66519
3.00014	-0.650001	-0.449999	0.7	-0.65	-0.45	0.7	-0.674512	-2.96706	-0.523599	2.40896	0	3.66519
3.01039	-0.650001	-0.449999	0.7	-0.65	-0.45	0.7	-0.674492	-2.96706	-0.523599	2.40894	0	3.66519
3.02003	-0.650001	-0.449999	0.7	-0.65	-0.45	0.7	-0.67447	-2.96706	-0.523599	2.40891	0	3.66519
3.03105	-0.650001	-0.449999	0.7	-0.65	-0.45	0.7	-0.674453	-2.96706	-0.523599	2.4089	0	3.66519
3.04017	-0.650001	-0.449999	0.7	-0.65	-0.45	0.7	-0.674432	-2.96706	-0.523599	2.40888	0	3.66519
3.05127	-0.650001	-0.449999	0.7	-0.65	-0.45	0.7	-0.674417	-2.96706	-0.523599	2.40886	0	3.66519
3.06003	-0.650001	-0.449999	0.7	-0.65	-0.45	0.7	-0.674397	-2.96706	-0.523599	2.40884	0	3.66519
3.07044	-0.650001	-0.449999	0.7	-0.65	-0.45	0.7	-0.674383	-2.96706	-0.523599	2.40883	0	3.66519
3.08211	-0.650001	-0.449999	0.7	-0.65	-0.45	0.7	-0.674359	-2.96706	-0.523599	2.4088	0	3.66519
3.09196	-0.650001	-0.449999	0.7	-0.65	-0.45	0.7	-0.674342	-2.96706	-0.523599	2.40879	0	3.66519
3.10071	-0.65	-0.45	0.7	-0.65	-0.45	0.7	-0.674325	-2.96706	-0.523599	2.40877	0	3.66519
3.1105	-0.650001	-0.45	0.7	-0.65	-0.45	0.7	-0.674308	-2.96706	-0.523599	2.40875	0	3.66519
3.12003	-0.65	-0.449999	0.7	-0.65	-0.45	0.7	-0.674292	-2.96706	-0.523599	2.40874	0	3.66519
3.13005	-0.650001	-0.449999	0.7	-0.65	-0.45	0.7	-0.674285	-2.96706	-0.523599	2.40873	0	3.66519
3.14005	-0.650001	-0.45	0.699999	-0.65	-0.45	0.7	-0.674261	-2.96706	-0.523599	2.40871	0	3.66519
3.15018	-0.650001	-0.45	0.7	-0.65	-0.45	0.7	-0.674244	-2.96706	-0.523599	2.40869	0	3.66519
3.1603	-0.650001	-0.45	0.7	-0.65	-0.45	0.7	-0.674228	-2.96706	-0.523599	2.40868	0	3.66519
3.17008	-0.650001	-0.449999	0.7	-0.65	-0.45	0.7	-0.674214	-2.96706	-0.523599	2.40866	0	3.66519
3.18011	-0.650001	-0.449999	0.699999	-0.65	-0.45	0.7	-0.674202	-2.96706	-0.523599	2.40865	0	3.66519
3.19005	-0.650001	-0.45	0.7	-0.65	-0.45	0.7	-0.674185	-2.96706	-0.523599	2.40863	0	3.66519
3.20034	-0.650001	-0.449999	0.7	-0.65	-0.45	0.7	-0.674169	-2.96706	-0.523599	2.40862	0	3.66519
3.21009	-0.650001	-0.45	0.7	-0.65	-0.45	0.7	-0.674154	-2.96706	-0.523599	2.4086	0	3.66519
3.22084	-0.650001	-0.45	0.7	-0.65	-0.45	0.7	-0.67414	-2.96706	-0.523599	2.40859	0	3.66519
3.23008	-0.650001	-0.45	0.7	-0.65	-0.45	0.7	-0.674132	-2.96706	-0.523599	2.40858	0	3.66519
3.24038	-0.650001	-0.449999	0.7	-0.65	-0.45	0.7	-0.674113	-2.96706	-0.523599	2.40856	0	3.66519
3.25018	-0.650001	-0.45	0.699999	-0.65	-0.45	0.7	-0.674101	-2.96706	-0.523599	2.40855	0	3.66519
3.26014	-0.65	-0.45	0.7	-0.65	-0.45	0.7	-0.674087	-2.96706	-0.523599	2.40854	0	3.66519
3.27066	-0.65	-0.45	0.7	-0.65	-0.45	0.7	-0.674074	-2.96706	-0.523599	2.40852	0	3.66519
3.2801	-0.650001	-0.449999	0.7	-0.65	-0.45	0.7	-0.674067	-2.96706	-0.523599	2.40852	0	3.66519
3.29019	-0.65	-0.45	0.7	-0.65	-0.45	0.7	-0.674049	-2.96706	-0.523599	2.4085	0	3.66519
3.30066	-0.650001	-0.449999	0.7	-0.65	-0.45	0.7	-0.674036	-2.96706	-0.523599	2.40849	0	3.66519
3.31074	-0.65	-0.45	0.7	-0.65	-0.45	0.7	-0.674023	-2.96706	-0.523599	2.40847	0	3.66519
3.32045	-0.650001	-0.45	0.7	-0.65	-0.45	0.7	-0.674012	-2.96706	-0.523599	2.40846	0	3.66519
3.33025	-0.65	-0.45	0.7	-0.65	-0.45	0.7	-0.674002	-2.96706	-0.523599	2.40845	0	3.66519
3.34001	-0.650001	-0.449999	0.7	-0.65	-0.45	0.7	-0.67399	-2.96706	-0.523599	2.40844	0	3.66519
3.35008	-0.65	-0.45	0.7	-0.65	-0.45	0.7	-0.673984	-2.96706	-0.523599	2.40843	0	3.66519
3.36016	-0.650001	-0.45	0.7	-0.65	-0.45	0.7	-0.67397	-2.96706	-0.523599	2.40842	0	3.66519
3.37009	-0.650001	-0.45	0.699999	-0.65	-0.45	0.7	-0.673958	-2.96706	-0.523599	2.40841	0	3.66519
3.38003	-0.650001	-0.45	0.7	-0.65	-0.45	0.7	-0.673945	-2.96706	-0.523599	2.4084	0	3.66519
3.39004	-0.65	-0.45	0.7	-0.65	-0.45	0.7	-0.673936	-2.96706	-0.523599	2.40839	0	3.66519
3.40087	-0.65	-0.45	0.7	-0.65	-0.45	0.7	-0.67393	-2.96706	-0.523599	2.40838	0	3.66519
3.41031	-0.650001	-0.449999	0.7	-0.65	-0.45	0.7	-0.673915	-2.96706	-0.523599	2.40837	0	3.66519
3.42017	-0.650001	-0.45	0.7	-0.65	-0.45	0.7	-0.673909	-2.96706	-0.523599	2.40836	0	3.66519
3.43067	-0.65	-0.45	0.7	-0.65	-0.45	0.7	-0.673894	-2.96706	-0.523599	2.40835	0	3.66519
3.44058	-0.65	-0.45	0.7	-0.65	-0.45	0.7	-0.673885	-2.96706	-0.523599	2.40834	0	3.66519
3.45034	-0.65	-0.45	0.7	-0.65	-0.45	0.7	-0.67388	-2.96706	-0.523599	2.40833	0	3.66519
3.46011	-0.650001	-0.45	0.7	-0.65	-0.45	0.7	-0.673868	-2.96706	-0.523599	2.40832	0	3.66519
3.47133	-0.650001	-0.45	0.699999	-0.65	-0.45	0.7	-0.673856	-2.96706	-0.523599	2.40831	0	3.66519
3.48062	-0.650001	-0.45	0.7	-0.65	-0.45	0.7	-0.673847	-2.96706	-0.523599	2.4083	0	3.66519
3.49038	-0.65	-0.45	0.7	-0.65	-0.45	0.7	-0.67384	-2.96706	-0.523599	2.40829	0	3.66519
3.50002	-0.650001	-0.449999	0.699999	-0.65	-0.45	0.7	-0.673837	-2.96706	-0.523599	2.40829	0	3.66519
3.51037	-0.65	-0.45	0.7	-0.65	-0.45	0.7	-0.673823	-2.96706	-0.523599	2.40828	0	3.66519
3.52067	-0.65	-0.449999	0.7	-0.65	-0.45	0.7	-0.673812	-2.96706	-0.523599	2.40827	0	3.66519
3.53001	-0.650001	-0.449999	0.7	-0.65	-0.45	0.7	-0.673804	-2.96706	-0.523599	2.40826	0	3.66519
3.54021	-0.650001	-0.449999	0.7	-0.65	-0.45	0.7	-0.673796	-2.96706	-0.523599	2.40825	0	3.66519
3.55027	-0.650001	-0.45	0.7	-0.65	-0.45	0.7	-0.673789	-2.96706	-0.523599	2.40824	0	3.66519
3.56071	-0.65	-0.45	0.7	-0.65	-0.45	0.7	-0.67378	-2.96706	-0.523599	2.40823	0	3.66519
3.57046	-0.65	-0.45	0.7	-0.65	-0.45	0.7	-0.673772	-2.96706	-0.523599	2.40822	0	3.66519
3.58025	-0.65	-0.45	0.7	-0.65	-0.45	0.7	-0.673764	-2.96706	-0.523599	2.40822	0	3.66519
3.59093	-0.650001	-0.45	0.7	-0.65	-0.45	0.7	-0.673757	-2.96706	-0.523599	2.40821	0	3.66519
3.60135	-0.650001	-0.45	0.7	-0.65	-0.45	0.7	-0.673753	-2.96706	-0.523599	2.40821	0	3.66519
3.61011	-0.65	-0.45	0.7	-0.65	-0.45	0.7	-0.673742	-2.96706	-0.523599	2.4082	0	3.66519
3.62002	-0.65	-0.45	0.7	-0.65	-0.45	0.7	-0.673738	-2.96706	-0.523599	2.40819	0	3.66519
3.63242	-0.65	-0.45	0.7	-0.65	-0.45	0.7	-0.673728	-2.96706	-0.523599	2.40818	0	3.66519
3.64025	-0.65	-0.45	0.7	-0.65	-0.45	0.7	-0.673721	-2.96706	-0.523599	2.40817	0	3.66519
3.65119	-0.650001	-0.449999	0.7	-0.65	-0.45	0.7	-0.673713	-2.96706	-0.523599	2.40817	0	3.66519
3.66032	-0.65	-0.449999	0.7	-0.65	-0.45	0.7	-0.673708	-2.96706	-0.523599	2.40816	0	3.66519
3.67062	-0.650001	-0.45	0.699999	-0.65	-0.45	0.7	-0.673701	-2.96706	-0.523599	2.40815	0	3.66519
3.68008	-0.65	-0.45	0.7	-0.65	-0.45	0.7	-0.673694	-2.96706	-0.523599	2.40815	0	3.66519
3.69002	-0.65	-0.45	0.7	-0.65	-0.45	0.7	-0.673688	-2.96706	-0.523599	2.40814	0	3.66519
3.70036	-0.65	-0.45	0.7	-0.65	-0.45	0.7	-0.673681	-2.96706	-0.523599	2.40814	0	3.66519
3.71013	-0.65	-0.45	0.7	-0.65	-0.45	0.7	-0.673675	-2.96706	-0.523599	2.40813	0	3.66519
3.72014	-0.650001	-0.45	0.7	-0.65	-0.45	0.7	-0.67367	-2.96706	-0.523599	2.40812	0	3.66519
3.73471	-0.65	-0.45	0.7	-0.65	-0.45	0.7	-0.673664	-2.96706	-0.523599	2.40812	0	3.66519
3.7404	-0.65	-0.45	0.7	-0.65	-0.45	0.7	-0.673657	-2.96706	-0.523599	2.40811	0	3.66519
3.75017	-0.650001	-0.45	0.7	-0.65	-0.45	0.7	-0.673651	-2.96706	-0.523599	2.40811	0	3.66519
3.76093	-0.65	-0.45	0.7	-0.65	-0.45	0.7	-0.673646	-2.96706	-0.523599	2.4081	0	3.66519
3.77069	-0.65	-0.45	0.7	-0.65	-0.45	0.7	-0.673641	-2.96706	-0.523599	2.40809	0	3.66519
3.78044	-0.65	-0.45	0.7	-0.65	-0.45	0.7	-0.673635	-2.96706	-0.523599	2.40809	0	3.66519
3.7902	-0.650001	-0.45	0.7	-0.65	-0.45	0.7	-0.673629	-2.96706	-0.523599	2.40808	0	3.66519
3.80196	-0.65	-0.45	0.7	-0.65	-0.45	0.7	-0.673624	-2.96706	-0.523599	2.40808	0	3.66519
3.81073	-0.65	-0.45	0.7	-0.65	-0.45	0.7	-0.673619	-2.96706	-0.523599	2.40807	0	3.66519
3.82001	-0.65	-0.45	0.7	-0.65	-0.45	0.7	-0.673614	-2.96706	-0.523599	2.40807	0	3.66519
3.83024	-0.65	-0.45	0.7	-0.65	-0.45	0.7	-0.673608	-2.96706	-0.523599	2.40806	0	3.66519
3.84001	-0.65	-0.45	0.7	-0.65	-0.45	0.7	-0.673604	-2.96706	-0.523599	2.40806	0	3.66519
3.85003	-0.65	-0.45	0.7	-0.65	-0.45	0.7	-0.673601	-2.96706	-0.523599	2.40806	0	3.66519
3.86053	-0.65	-0.45	0.7	-0.65	-0.45	0.7	-0.673594	-2.96706	-0.523599	2.40805	0	3.66519
3.87014	-0.65	-0.45	0.7	-0.65	-0.45	0.7	-0.673589	-2.96706	-0.523599	2.40804	0	3.66519
3.88126	-0.65	-0.45	0.7	-0.65	-0.45	0.7	-0.673585	-2.96706	-0.523599	2.40804	0	3.66519
3.8901	-0.65	-0.45	0.7	-0.65	-0.45	0.7	-0.673582	-2.96706	-0.523599	2.40804	0	3.66519
3.90008	-0.65	-0.45	0.7	-0.65	-0.45	0.7	-0.673576	-2.96706	-0.523599	2.40803	0	3.66519
3.91032	-0.65	-0.45	0.7	-0.65	-0.45	0.7	-0.673571	-2.96706	-0.523599	2.40803	0	3.66519
3.92009	-0.65	-0.45	0.7	-0.65	-0.45	0.7	-0.673567	-2.96706	-0.523599	2.40802	0	3.66519
3.93351	-0.65	-0.45	0.7	-0.65	-0.45	0.7	-0.673563	-2.96706	-0.523599	2.40802	0	3.66519
3.94035	-0.65	-0.45	0.7	-0.65	-0.45	0.7	-0.673558	-2.96706	-0.523599	2.40801	0	3.66519
3.95105	-0.65	-0.45	0.7	-0.65	-0.45	0.7	-0.673554	-2.96706	-0.523599	2.40801	0	3.66519
3.96013	-0.65	-0.45	0.7	-0.65	-0.45	0.7	-0.67355	-2.96706	-0.523599	2.40801	0	3.66519
3.97034	-0.650001	-0.45	0.7	-0.65	-0.45	0.7	-0.673547	-2.96706	-0.523599	2.408	0	3.66519
3.98101	-0.65	-0.45	0.7	-0.65	-0.45	0.7	-0.673543	-2.96706	-0.523599	2.408	0	3.66519
3.99238	-0.65	-0.45	0.7	-0.65	-0.45	0.7	-0.673538	-2.96706	-0.523599	2.40799	0	3.66519
4.0004	-0.65	-0.45	0.7	-0.65	-0.45	0.7	-0.673536	-2.96706	-0.523599	2.40799	0	3.66519
4.01094	-0.65	-0.45	0.7	-0.65	-0.45	0.7	-0.67353	-2.96706	-0.523599	2.40799	0	3.66519
4.02002	-0.65	-0.45	0.7	-0.65	-0.45	0.7	-0.673527	-2.96706	-0.523599	2.40798	0	3.66519
4.03365	-0.65	-0.45	0.7	-0.65	-0.45	0.7	-0.673523	-2.96706	-0.523599	2.40798	0	3.66519
4.04023	-0.65	-0.45	0.7	-0.65	-0.45	0.7	-0.673519	-2.96706	-0.523599	2.40798	0	3.66519
4.05031	-0.65	-0.45	0.7	-0.65	-0.45	0.7	-0.673516	-2.96706	-0.523599	2.40797	0	3.66519
4.06002	-0.65	-0.45	0.7	-0.65	-0.45	0.7	-0.673513	-2.96706	-0.523599	2.40797	0	3.66519
4.0705	-0.65	-0.45	0.7	-0.65	-0.45	0.7	-0.673509	-2.96706	-0.523599	2.40796	0	3.66519
4.08591	-0.65	-0.45	0.7	-0.65	-0.45	0.7	-0.673505	-2.96706	-0.523599	2.40796	0	3.66519
4.09005	-0.650001	-0.45	0.7	-0.65	-0.45	0.7	-0.673502	-2.96706	-0.523599	2.40796	0	3.66519
4.10077	-0.65	-0.45	0.7	-0.65	-0.45	0.7	-0.6735	-2.96706	-0.523599	2.40796	0	3.66519
4.11025	-0.65	-0.45	0.7	-0.65	-0.45	0.7	-0.673496	-2.96706	-0.523599	2.40795	0	3.66519
4.12032	-0.65	-0.45	0.7	-0.65	-0.45	0.7	-0.673493	-2.96706	-0.523599	2.40795	0	3.66519
4.13008	-0.65	-0.45	0.7	-0.65	-0.45	0.7	-0.67349	-2.96706	-0.523599	2.40795	0	3.66519
4.14006	-0.65	-0.45	0.7	-0.65	-0.45	0.7	-0.673487	-2.96706	-0.523599	2.40794	0	3.66519
4.15058	-0.65	-0.45	0.7	-0.65	-0.45	0.7	-0.673484	-2.96706	-0.523599	2.40794	0	3.66519
4.16135	-0.65	-0.45	0.7	-0.65	-0.45	0.7	-0.673481	-2.96706	-0.523599	2.40794	0	3.66519
4.17036	-0.65	-0.45	0.7	-0.65	-0.45	0.7	-0.673478	-2.96706	-0.523599	2.40794	0	3.66519
4.18007	-0.65	-0.45	0.7	-0.65	-0.45	0.7	-0.673476	-2.96706	-0.523599	2.40793	0	3.66519
4.19063	-0.65	-0.45	0.7	-0.65	-0.45	0.7	-0.673472	-2.96706	-0.523599	2.40793	0	3.66519
4.20037	-0.65	-0.45	0.7	-0.65	-0.45	0.7	-0.67347	-2.96706	-0.523599	2.40793	0	3.66519
4.21014	-0.65	-0.45	0.7	-0.65	-0.45	0.7	-0.673467	-2.96706	-0.523599	2.40792	0	3.66519
4.2209	-0.65	-0.45	0.7	-0.65	-0.45	0.7	-0.673464	-2.96706	-0.523599	2.40792	0	3.66519
4.23002	-0.65	-0.45	0.7	-0.65	-0.45	0.7	-0.673464	-2.96706	-0.523599	2.40792	0	3.66519
4.24042	-0.65	-0.45	0.7	-0.65	-0.45	0.7	-0.673463	-2.96706	-0.523599	2.40792	0	3.66519
4.25021	-0.65	-0.45	0.7	-0.65	-0.45	0.7	-0.673457	-2.96706	-0.523599	2.40791	0	3.66519
4.26093	-0.65	-0.45	0.7	-0.65	-0.45	0.7	-0.673454	-2.96706	-0.523599	2.40791	0	3.66519
4.27006	-0.65	-0.45	0.7	-0.65	-0.45	0.7	-0.673453	-2.96706	-0.523599	2.40791	0	3.66519
4.28049	-0.65	-0.45	0.699999	-0.65	-0.45	0.7	-0.673449	-2.96706	-0.523599	2.40791	0	3.66519
4.29024	-0.65	-0.45	0.7	-0.65	-0.45	0.7	-0.673447	-2.96706	-0.523599	2.4079	0	3.66519
4.30001	-0.65	-0.45	0.7	-0.65	-0.45	0.7	-0.673445	-2.96706	-0.523599	2.4079	0	3.66519
4.31074	-0.65	-0.45	0.7	-0.65	-0.45	0.7	-0.673443	-2.96706	-0.523599	2.4079	0	3.66519
4.32051	-0.65	-0.45	0.7	-0.65	-0.45	0.7	-0.67344	-2.96706	-0.523599	2.4079	0	3.66519
4.3302	-0.65	-0.449999	0.7	-0.65	-0.45	0.7	-0.673438	-2.96706	-0.523599	2.40789	0	3.66519
4.34003	-0.65	-0.45	0.7	-0.65	-0.45	0.7	-0.673436	-2.96706	-0.523599	2.40789	0	3.66519
4.35262	-0.65	-0.45	0.7	-0.65	-0.45	0.7	-0.673434	-2.96706	-0.523599	2.40789	0	3.66519
4.36054	-0.65	-0.45	0.7	-0.65	-0.45	0.7	-0.673432	-2.96706	-0.523599	2.40789	0	3.66519
4.37032	-0.65	-0.45	0.7	-0.65	-0.45	0.7	-0.67343	-2.96706	-0.523599	2.40789	0	3.66519
4.3801	-0.65	-0.45	0.7	-0.65	-0.45	0.7	-0.673428	-2.96706	-0.523599	2.40788	0	3.66519
4.39014	-0.65	-0.45	0.7	-0.65	-0.45	0.7	-0.673426	-2.96706	-0.523599	2.40788	0	3.66519
4.40107	-0.65	-0.45	0.7	-0.65	-0.45	0.7	-0.673425	-2.96706	-0.523599	2.40788	0	3.66519
4.41036	-0.65	-0.45	0.7	-0.65	-0.45	0.7	-0.673422	-2.96706	-0.523599	2.40788	0	3.66519
4.42032	-0.65	-0.45	0.7	-0.65	-0.45	0.7	-0.67342	-2.96706	-0.523599	2.40788	0	3.66519
4.43478	-0.65	-0.45	0.7	-0.65	-0.45	0.7	-0.673418	-2.96706	-0.523599	2.40788	0	3.66519
4.44063	-0.65	-0.45	0.7	-0.65	-0.45	0.7	-0.673416	-2.96706	-0.523599	2.40787	0	3.66519
4.45042	-0.65	-0.45	0.7	-0.65	-0.45	0.7	-0.673414	-2.96706	-0.523599	2.40787	0	3.66519
4.46013	-0.65	-0.45	0.7	-0.65	-0.45	0.7	-0.673413	-2.96706	-0.523599	2.40787	0	3.66519
4.4702	-0.65	-0.45	0.7	-0.65	-0.45	0.7	-0.673411	-2.96706	-0.523599	2.40787	0	3.66519
4.48013	-0.65	-0.45	0.7	-0.65	-0.45	0.7	-0.673409	-2.96706	-0.523599	2.40787	0	3.66519
4.49046	-0.65	-0.45	0.7	-0.65	-0.45	0.7	-0.673407	-2.96706	-0.523599	2.40787	0	3.66519
4.50021	-0.65	-0.45	0.7	-0.65	-0.45	0.7	-0.673406	-2.96706	-0.523599	2.40786	0	3.66519
4.51039	-0.65	-0.45	0.7	-0.65	-0.45	0.7	-0.673404	-2.96706	-0.523599	2.40786	0	3.66519
4.52002	-0.65	-0.45	0.7	-0.65	-0.45	0.7	-0.673403	-2.96706	-0.523599	2.40786	0	3.66519
4.53048	-0.65	-0.45	0.7	-0.65	-0.45	0.7	-0.673401	-2.96706	-0.523599	2.40786	0	3.66519
4.54009	-0.65	-0.45	0.7	-0.65	-0.45	0.7	-0.6734	-2.96706	-0.523599	2.40786	0	3.66519
4.55101	-0.65	-0.45	0.7	-0.65	-0.45	0.7	-0.673398	-2.96706	-0.523599	2.40786	0	3.66519
4.56082	-0.65	-0.45	0.7	-0.65	-0.45	0.7	-0.673396	-2.96706	-0.523599	2.40785	0	3.66519
4.57002	-0.65	-0.45	0.7	-0.65	-0.45	0.7	-0.673395	-2.96706	-0.523599	2.40785	0	3.66519
4.58001	-0.65	-0.45	0.699999	-0.65	-0.45	0.7	-0.673393	-2.96706	-0.523599	2.40785	0	3.66519
4.59001	-0.65	-0.45	0.7	-0.65	-0.45	0.7	-0.673392	-2.96706	-0.523599	2.40785	0	3.66519
4.6	-0.65	-0.45	0.7	-0.65	-0.45	0.7	-0.673391	-2.96706	-0.523599	2.40785	0	3.66519
4.61057	-0.65	-0.45	0.7	-0.65	-0.45	0.7	-0.673389	-2.96706	-0.523599	2.40785	0	3.66519
4.62179	-0.65	-0.45	0.7	-0.65	-0.45	0.7	-0.673388	-2.96706	-0.523599	2.40785	0	3.66519
4.6301	-0.65	-0.45	0.7	-0.65	-0.45	0.7	-0.673387	-2.96706	-0.523599	2.40785	0	3.66519
4.64001	-0.65	-0.45	0.7	-0.65	-0.45	0.7	-0.673386	-2.96706	-0.523599	2.40784	0	3.66519
4.65059	-0.65	-0.45	0.7	-0.65	-0.45	0.7	-0.673384	-2.96706	-0.523599	2.40784	0	3.66519
4.66134	-0.65	-0.45	0.7	-0.65	-0.45	0.7	-0.673383	-2.96706	-0.523599	2.40784	0	3.66519
4.67013	-0.65	-0.45	0.7	-0.65	-0.45	0.7	-0.673381	-2.96706	-0.523599	2.40784	0	3.66519
4.68088	-0.65	-0.45	0.7	-0.65	-0.45	0.7	-0.67338	-2.96706	-0.523599	2.40784	0	3.66519
4.69065	-0.65	-0.45	0.7	-0.65	-0.45	0.7	-0.673379	-2.96706	-0.523599	2.40784	0	3.66519
4.70141	-0.65	-0.45	0.7	-0.65	-0.45	0.7	-0.673378	-2.96706	-0.523599	2.40784	0	3.66519
4.71017	-0.65	-0.45	0.7	-0.65	-0.45	0.7	-0.673377	-2.96706	-0.523599	2.40783	0	3.66519
4.72268	-0.65	-0.45	0.7	-0.65	-0.45	0.7	-0.673376	-2.96706	-0.523599	2.40783	0	3.66519
4.73003	-0.65	-0.45	0.7	-0.65	-0.45	0.7	-0.673374	-2.96706	-0.523599	2.40783	0	3.66519
4.74044	-0.650001	-0.45	0.7	-0.65	-0.45	0.7	-0.673373	-2.96706	-0.523599	2.40783	0	3.66519
4.75022	-0.65	-0.45	0.7	-0.65	-0.45	0.7	-0.673372	-2.96706	-0.523599	2.40783	0	3.66519
4.76002	-0.65	-0.45	0.7	-0.65	-0.45	0.7	-0.673371	-2.96706	-0.523599	2.40783	0	3.66519
4.77013	-0.65	-0.45	0.7	-0.65	-0.45	0.7	-0.67337	-2.96706	-0.523599	2.40783	0	3.66519
4.78049	-0.65	-0.45	0.7	-0.65	-0.45	0.7	-0.673369	-2.96706	-0.523599	2.40783	0	3.66519
4.79126	-0.65	-0.45	0.7	-0.65	-0.45	0.7	-0.673368	-2.96706	-0.523599	2.40783	0	3.66519
4.80049	-0.65	-0.45	0.7	-0.65	-0.45	0.7	-0.673367	-2.96706	-0.523599	2.40783	0	3.66519
4.81175	-0.65	-0.45	0.7	-0.65	-0.45	0.7	-0.673366	-2.96706	-0.523599	2.40782	0	3.66519
4.82054	-0.65	-0.45	0.7	-0.65	-0.45	0.7	-0.673366	-2.96706	-0.523599	2.40782	0	3.66519
4.83046	-0.65	-0.45	0.7	-0.65	-0.45	0.7	-0.673364	-2.96706	-0.523599	2.40782	0	3.66519
4.84066	-0.65	-0.45	0.7	-0.65	-0.45	0.7	-0.673363	-2.96706	-0.523599	2.40782	0	3.66519
4.85106	-0.65	-0.45	0.7	-0.65	-0.45	0.7	-0.673363	-2.96706	-0.523599	2.40782	0	3.66519
4.86057	-0.65	-0.45	0.7	-0.65	-0.45	0.7	-0.673361	-2.96706	-0.523599	2.40782	0	3.66519
4.87034	-0.65	-0.45	0.7	-0.65	-0.45	0.7	-0.67336	-2.96706	-0.523599	2.40782	0	3.66519
4.88011	-0.65	-0.45	0.7	-0.65	-0.45	0.7	-0.673359	-2.96706	-0.523599	2.40782	0	3.66519
4.89087	-0.65	-0.45	0.7	-0.65	-0.45	0.7	-0.673359	-2.96706	-0.523599	2.40782	0	3.66519
4.90014	-0.65	-0.45	0.7	-0.65	-0.45	0.7	-0.673358	-2.96706	-0.523599	2.40782	0	3.66519
4.9104	-0.65	-0.45	0.7	-0.65	-0.45	0.7	-0.673357	-2.96706	-0.523599	2.40781	0	3.66519
4.92039	-0.65	-0.45	0.7	-0.65	-0.45	0.7	-0.673356	-2.96706	-0.523599	2.40781	0	3.66519
4.93014	-0.650001	-0.45	0.7	-0.65	-0.45	0.7	-0.673355	-2.96706	-0.523599	2.40781	0	3.66519
4.94012	-0.65	-0.45	0.7	-0.65	-0.45	0.7	-0.673355	-2.96706	-0.523599	2.40781	0	3.66519
4.95097	-0.65	-0.45	0.7	-0.65	-0.45	0.7	-0.673354	-2.96706	-0.523599	2.40781	0	3.66519
4.96018	-0.65	-0.45	0.7	-0.65	-0.45	0.7	-0.673353	-2.96706	-0.523599	2.40781	0	3.66519
4.97001	-0.65	-0.45	0.7	-0.65	-0.45	0.7	-0.673352	-2.96706	-0.523599	2.40781	0	3.66519
4.98071	-0.650001	-0.45	0.7	-0.65	-0.45	0.7	-0.673351	-2.96706	-0.523599	2.40781	0	3.66519
4.99045	-0.65	-0.45	0.7	-0.65	-0.45	0.7	-0.673351	-2.96706	-0.523599	2.40781	0	3.66519
5.00022	-0.65	-0.45	0.7	-0.65	-0.45	0.7	-0.67335	-2.96706	-0.523599	2.40781	0	3.66519
5.01099	-0.65	-0.45	0.7	-0.65	-0.45	0.7	-0.673349	-2.96706	-0.523599	2.40781	0	3.66519
5.0205	-0.65	-0.45	0.7	-0.65	-0.45	0.7	-0.673349	-2.96706	-0.523599	2.40781	0	3.66519
5.03019	-0.65	-0.45	0.7	-0.65	-0.45	0.7	-0.673348	-2.96706	-0.523599	2.40781	0	3.66519
5.04025	-0.65	-0.45	0.7	-0.65	-0.45	0.7	-0.673347	-2.96706	-0.523599	2.40781	0	3.66519
5.05099	-0.65	-0.45	0.7	-0.65	-0.45	0.7	-0.673347	-2.96706	-0.523599	2.40781	0	3.66519
5.06005	-0.65	-0.45	0.7	-0.65	-0.45	0.7	-0.673346	-2.96706	-0.523599	2.40781	0	3.66519
5.07002	-0.65	-0.45	0.7	-0.65	-0.45	0.7	-0.673345	-2.96706	-0.523599	2.4078	0	3.66519
5.08003	-0.65	-0.45	0.7	-0.65	-0.45	0.7	-0.673345	-2.96706	-0.523599	2.4078	0	3.66519
5.09042	-0.65	-0.449999	0.7	-0.65	-0.45	0.7	-0.673344	-2.96706	-0.523599	2.4078	0	3.66519
5.10081	-0.65	-0.45	0.7	-0.65	-0.45	0.7	-0.673343	-2.96706	-0.523599	2.4078	0	3.66519
5.11002	-0.65	-0.45	0.7	-0.65	-0.45	0.7	-0.673343	-2.96706	-0.523599	2.4078	0	3.66519
5.12012	-0.65	-0.45	0.7	-0.65	-0.45	0.7	-0.673342	-2.96706	-0.523599	2.4078	0	3.66519
5.13011	-0.65	-0.45	0.700001	-0.65	-0.45	0.7	-0.673342	-2.96706	-0.523599	2.4078	0	3.66519
