9.6811e-05	0.286731	-5.24738e-12	0.612709	-0.1	0.15	0.2	-2.18166	-2.96706	-0.523599	1.39626	0	3.66519
0.0112896	0.283164	0.00137745	0.608931	-0.1	0.15	0.2	-2.19025	-2.96706	-0.523599	1.38162	0	3.66519
0.0212844	0.279003	0.00296926	0.604586	-0.1	0.15	0.2	-2.20062	-2.96706	-0.523599	1.36543	0	3.66519
0.0300507	0.27085	0.00605126	0.596216	-0.1	0.15	0.2	-2.22161	-2.96706	-0.523599	1.3355	0	3.66519
0.0400232	0.26278	0.00905516	0.588084	-0.1	0.15	0.2	-2.24299	-2.96706	-0.523599	1.30756	0	3.66519
0.0512299	0.244889	0.0155708	0.57046	-0.1	0.15	0.2	-2.29185	-2.96706	-0.523599	1.24977	0	3.66519
0.0603368	0.240977	0.0169706	0.566665	-0.1	0.15	0.2	-2.30275	-2.96706	-0.523599	1.23773	0	3.66519
0.0714164	0.220255	0.0242563	0.546817	-0.1	0.15	0.2	-2.36154	-2.96706	-0.523599	1.17669	0	3.66519
0.0801206	0.214485	0.0262466	0.541352	-0.1	0.15	0.2	-2.3782	-2.96706	-0.523599	1.1604	0	3.66519
0.0901242	0.1909	0.0342134	0.519196	-0.1	0.15	0.2	-2.44751	-2.96706	-0.523599	1.09644	0	3.66519
0.10045	0.176053	0.0391026	0.505328	-0.1	0.15	0.2	-2.49215	-2.96706	-0.523599	1.05807	0	3.66519
0.110131	0.161333	0.0438549	0.491589	-0.1	0.15	0.2	-2.53717	-2.96706	-0.523599	1.02134	0	3.66519
0.121949	0.14402	0.0493234	0.475387	-0.1	0.15	0.2	-2.59112	-2.96706	-0.523599	0.979748	0	3.66519
0.131413	0.138366	0.0510814	0.470076	-0.1	0.15	0.2	-2.60897	-2.96706	-0.523599	0.966535	0	3.66519
0.140066	0.121824	0.056144	0.454461	-0.1	0.15	0.2	-2.66184	-2.96706	-0.523599	0.928971	0	3.66519
0.150024	0.1047	0.06125	0.438136	-0.1	0.15	0.2	-2.71754	-2.96706	-0.523599	0.891918	0	3.66519
0.160035	0.0996118	0.0627395	0.433248	-0.1	0.15	0.2	-2.73427	-2.96706	-0.523599	0.881299	0	3.66519
0.17177	0.0824948	0.0676469	0.41666	-0.1	0.15	0.2	-2.79108	-2.96706	-0.523599	0.847078	0	3.66519
0.181472	0.0675809	0.0717826	0.402012	-0.1	0.15	0.2	-2.84112	-2.96706	-0.523599	0.819432	0	3.66519
0.190988	0.0600483	0.0738171	0.39454	-0.1	0.15	0.2	-2.86652	-2.96706	-0.523599	0.806373	0	3.66519
0.200969	0.0475712	0.0771026	0.382055	-0.1	0.15	0.2	-2.9087	-2.96706	-0.523599	0.786309	0	3.66519
0.210246	0.0406514	0.0788782	0.375074	-0.1	0.15	0.2	-2.9321	-2.96706	-0.523599	0.77614	0	3.66519
0.224467	0.0302977	0.081476	0.364551	-0.1	0.15	0.2	-2.96703	-2.96706	-0.523599	0.762411	0	3.66519
0.230279	0.0205618	0.0838614	0.354579	-0.1	0.15	0.2	-2.99972	-2.96706	-0.523599	0.751366	0	3.66519
0.242711	0.012229	0.0858696	0.345987	-0.1	0.15	0.2	-3.02751	-2.96706	-0.523599	0.743584	0	3.66519
0.25008	0.0036123	0.087932	0.337048	-0.1	0.15	0.2	-3.05601	-2.96706	-0.523599	0.737415	0	3.66519
0.260516	-0.00374001	0.0896986	0.329379	-0.1	0.15	0.2	-3.08012	-2.96706	-0.523599	0.733885	0	3.66519
0.271469	-0.00862353	0.090886	0.324263	-0.1	0.15	0.2	-3.09602	-2.96706	-0.523599	0.732535	0	3.66519
0.28008	-0.0165084	0.0928537	0.315963	-0.1	0.15	0.2	-3.12151	-2.96706	-0.523599	0.732258	0	3.66519
0.29153	-0.0196179	0.0936549	0.312674	-0.1	0.15	0.2	-3.1315	-2.96706	-0.523599	0.732865	0	3.66519
0.302525	-0.029449	0.0963397	0.302208	-0.1	0.15	0.2	-3.16289	-2.96706	-0.523599	0.73788	0	3.66519
0.310446	-0.0336958	0.0975952	0.297648	-0.1	0.15	0.2	-3.17638	-2.96706	-0.523599	0.741695	0	3.66519
0.321879	-0.0377114	0.0988526	0.293309	-0.1	0.15	0.2	-3.18913	-2.96706	-0.523599	0.746354	0	3.66519
0.330097	-0.042873	0.100588	0.287685	-0.1	0.15	0.2	-3.20551	-2.96706	-0.523599	0.754011	0	3.66519
0.340446	-0.0467999	0.102018	0.283363	-0.1	0.15	0.2	-3.21799	-2.96706	-0.523599	0.761254	0	3.66519
0.350392	-0.0520279	0.104102	0.277534	-0.1	0.15	0.2	-3.23466	-2.96706	-0.523599	0.773084	0	3.66519
0.360152	-0.0557132	0.105718	0.273359	-0.1	0.15	0.2	-3.24645	-2.96706	-0.523599	0.783146	0	3.66519
0.370034	-0.0587947	0.10718	0.269815	-0.1	0.15	0.2	-3.25634	-2.96706	-0.523599	0.792824	0	3.66519
0.380663	-0.0619715	0.108812	0.266099	-0.1	0.15	0.2	-3.26654	-2.96706	-0.523599	0.804185	0	3.66519
0.390159	-0.0649066	0.110443	0.262599	-0.1	0.15	0.2	-3.27594	-2.96706	-0.523599	0.816085	0	3.66519
0.401184	-0.0670918	0.111744	0.259941	-0.1	0.15	0.2	-3.28289	-2.96706	-0.523599	0.825939	0	3.66519
0.410033	-0.0701169	0.113684	0.256174	-0.1	0.15	0.2	-3.29239	-2.96706	-0.523599	0.841195	0	3.66519
0.420352	-0.071978	0.114965	0.253797	-0.1	0.15	0.2	-3.29812	-2.96706	-0.523599	0.851627	0	3.66519
0.43049	-0.0745542	0.11686	0.250414	-0.1	0.15	0.2	-3.30576	-2.96706	-0.523599	0.867596	0	3.66519
0.440998	-0.0765203	0.118411	0.24775	-0.1	0.15	0.2	-3.31127	-2.96706	-0.523599	0.881135	0	3.66519
0.450081	-0.078511	0.120081	0.244966	-0.1	0.15	0.2	-3.31641	-2.96706	-0.523599	0.896211	0	3.66519
0.460074	-0.080179	0.121564	0.242557	-0.1	0.15	0.2	-3.32025	-2.96706	-0.523599	0.910029	0	3.66519
0.470495	-0.0809666	0.122291	0.241392	-0.1	0.15	0.2	-3.32188	-2.96706	-0.523599	0.916963	0	3.66519
0.48027	-0.0831603	0.124414	0.238045	-0.1	0.15	0.2	-3.32559	-2.96706	-0.523599	0.937794	0	3.66519
0.491296	-0.0839728	0.125237	0.236764	-0.1	0.15	0.2	-3.3266	-2.96706	-0.523599	0.94611	0	3.66519
0.501345	-0.0847513	0.126045	0.235514	-0.1	0.15	0.2	-3.32734	-2.96706	-0.523599	0.954399	0	3.66519
0.510567	-0.0867884	0.128245	0.232131	-0.1	0.15	0.2	-3.32808	-2.96706	-0.523599	0.977639	0	3.66519
0.521307	-0.0876677	0.129234	0.230617	-0.1	0.15	0.2	-3.32779	-2.96706	-0.523599	0.98839	0	3.66519
0.530099	-0.0889004	0.13066	0.228436	-0.1	0.15	0.2	-3.32666	-2.96706	-0.523599	1.00421	0	3.66519
0.540397	-0.0894799	0.131348	0.227385	-0.1	0.15	0.2	-3.32581	-2.96706	-0.523599	1.01196	0	3.66519
0.550579	-0.0907431	0.132884	0.225034	-0.1	0.15	0.2	-3.32322	-2.96706	-0.523599	1.02954	0	3.66519
0.560039	-0.0916524	0.134024	0.223287	-0.1	0.15	0.2	-3.32067	-2.96706	-0.523599	1.04281	0	3.66519
0.570031	-0.0924187	0.135011	0.221774	-0.1	0.15	0.2	-3.31805	-2.96706	-0.523599	1.05439	0	3.66519
0.580122	-0.0929224	0.135673	0.220757	-0.1	0.15	0.2	-3.31609	-2.96706	-0.523599	1.06222	0	3.66519
0.590641	-0.0935971	0.13658	0.219366	-0.1	0.15	0.2	-3.31313	-2.96706	-0.523599	1.07298	0	3.66519
0.600405	-0.0943398	0.137608	0.21779	-0.1	0.15	0.2	-3.30943	-2.96706	-0.523599	1.08521	0	3.66519
0.610161	-0.0949052	0.138416	0.216554	-0.1	0.15	0.2	-3.30627	-2.96706	-0.523599	1.09482	0	3.66519
0.620919	-0.0953244	0.139031	0.215614	-0.1	0.15	0.2	-3.30374	-2.96706	-0.523599	1.10213	0	3.66519
0.63067	-0.0956679	0.139547	0.214828	-0.1	0.15	0.2	-3.30153	-2.96706	-0.523599	1.10824	0	3.66519
0.640073	-0.0962085	0.140385	0.213557	-0.1	0.15	0.2	-3.2978	-2.96706	-0.523599	1.11814	0	3.66519
0.650024	-0.0967677	0.141292	0.21219	-0.1	0.15	0.2	-3.29358	-2.96706	-0.523599	1.12875	0	3.66519
0.660972	-0.0968417	0.141415	0.212005	-0.1	0.15	0.2	-3.293	-2.96706	-0.523599	1.13019	0	3.66519
0.670695	-0.0974455	0.142461	0.210444	-0.1	0.15	0.2	-3.2879	-2.96706	-0.523599	1.14228	0	3.66519
0.680653	-0.0975654	0.142678	0.210123	-0.1	0.15	0.2	-3.28682	-2.96706	-0.523599	1.14477	0	3.66519
0.69011	-0.097948	0.143396	0.209066	-0.1	0.15	0.2	-3.2832	-2.96706	-0.523599	1.15292	0	3.66519
0.700029	-0.0982112	0.143917	0.208307	-0.1	0.15	0.2	-3.28054	-2.96706	-0.523599	1.15876	0	3.66519
0.710092	-0.0984447	0.144401	0.207607	-0.1	0.15	0.2	-3.27804	-2.96706	-0.523599	1.16414	0	3.66519
0.723801	-0.0985972	0.144732	0.207132	-0.1	0.15	0.2	-3.27632	-2.96706	-0.523599	1.16779	0	3.66519
0.73113	-0.0986858	0.14493	0.206849	-0.1	0.15	0.2	-3.27529	-2.96706	-0.523599	1.16995	0	3.66519
0.740376	-0.0988637	0.145342	0.206264	-0.1	0.15	0.2	-3.27313	-2.96706	-0.523599	1.17443	0	3.66519
0.750201	-0.099085	0.145889	0.205497	-0.1	0.15	0.2	-3.27026	-2.96706	-0.523599	1.18028	0	3.66519
0.760026	-0.0991577	0.146078	0.205233	-0.1	0.15	0.2	-3.26926	-2.96706	-0.523599	1.18229	0	3.66519
0.770612	-0.0992882	0.146434	0.204741	-0.1	0.15	0.2	-3.26738	-2.96706	-0.523599	1.18603	0	3.66519
0.780072	-0.0993648	0.146655	0.204438	-0.1	0.15	0.2	-3.26622	-2.96706	-0.523599	1.18833	0	3.66519
0.790156	-0.0994587	0.146938	0.204051	-0.1	0.15	0.2	-3.26472	-2.96706	-0.523599	1.19127	0	3.66519
0.800359	-0.099554	0.147244	0.203636	-0.1	0.15	0.2	-3.2631	-2.96706	-0.523599	1.1944	0	3.66519
0.811698	-0.0995989	0.147397	0.20343	-0.1	0.15	0.2	-3.26229	-2.96706	-0.523599	1.19596	0	3.66519
0.820135	-0.0996673	0.147641	0.203103	-0.1	0.15	0.2	-3.261	-2.96706	-0.523599	1.19843	0	3.66519
0.830003	-0.0997118	0.14781	0.202878	-0.1	0.15	0.2	-3.2601	-2.96706	-0.523599	1.20013	0	3.66519
0.840636	-0.0997473	0.147951	0.202691	-0.1	0.15	0.2	-3.25935	-2.96706	-0.523599	1.20154	0	3.66519
0.850394	-0.0997969	0.148162	0.202412	-0.1	0.15	0.2	-3.25823	-2.96706	-0.523599	1.20364	0	3.66519
0.860283	-0.0998204	0.148266	0.202274	-0.1	0.15	0.2	-3.25768	-2.96706	-0.523599	1.20468	0	3.66519
0.870193	-0.0998554	0.148433	0.202055	-0.1	0.15	0.2	-3.25679	-2.96706	-0.523599	1.20633	0	3.66519
0.880034	-0.0998826	0.148573	0.201873	-0.1	0.15	0.2	-3.25604	-2.96706	-0.523599	1.2077	0	3.66519
0.890441	-0.0999018	0.148678	0.201735	-0.1	0.15	0.2	-3.25548	-2.96706	-0.523599	1.20873	0	3.66519
0.900214	-0.0999221	0.148797	0.20158	-0.1	0.15	0.2	-3.25484	-2.96706	-0.523599	1.20989	0	3.66519
0.910079	-0.0999377	0.148896	0.201452	-0.1	0.15	0.2	-3.25431	-2.96706	-0.523599	1.21085	0	3.66519
0.922719	-0.0999549	0.149013	0.2013	-0.1	0.15	0.2	-3.25368	-2.96706	-0.523599	1.21199	0	3.66519
0.930035	-0.0999627	0.149071	0.201225	-0.1	0.15	0.2	-3.25336	-2.96706	-0.523599	1.21255	0	3.66519
0.941268	-0.0999708	0.149133	0.201144	-0.1	0.15	0.2	-3.25302	-2.96706	-0.523599	1.21315	0	3.66519
0.95023	-0.0999801	0.149212	0.201041	-0.1	0.15	0.2	-3.25259	-2.96706	-0.523599	1.21392	0	3.66519
0.96077	-0.099986	0.149266	0.200973	-0.1	0.15	0.2	-3.2523	-2.96706	-0.523599	1.21443	0	3.66519
0.970535	-0.0999932	0.149339	0.200878	-0.1	0.15	0.2	-3.25189	-2.96706	-0.523599	1.21514	0	3.66519
0.980277	-0.099999	0.149405	0.200793	-0.1	0.15	0.2	-3.25153	-2.96706	-0.523599	1.21578	0	3.66519
0.992025	-0.100003	0.149455	0.200728	-0.1	0.15	0.2	-3.25125	-2.96706	-0.523599	1.21627	0	3.66519
1.00012	-0.100006	0.149502	0.200668	-0.1	0.15	0.2	-3.25099	-2.96706	-0.523599	1.21671	0	3.66519
1.01058	-0.100009	0.14954	0.200618	-0.1	0.15	0.2	-3.25077	-2.96706	-0.523599	1.21708	0	3.66519
1.02286	-0.10001	0.149563	0.200587	-0.1	0.15	0.2	-3.25064	-2.96706	-0.523599	1.21731	0	3.66519
1.03012	-0.100012	0.149614	0.200521	-0.1	0.15	0.2	-3.25034	-2.96706	-0.523599	1.21781	0	3.66519
1.04183	-0.100013	0.149641	0.200486	-0.1	0.15	0.2	-3.25019	-2.96706	-0.523599	1.21806	0	3.66519
1.05062	-0.100014	0.149677	0.200439	-0.1	0.15	0.2	-3.24998	-2.96706	-0.523599	1.21842	0	3.66519
1.06038	-0.100015	0.149707	0.200399	-0.1	0.15	0.2	-3.2498	-2.96706	-0.523599	1.21871	0	3.66519
1.07061	-0.100015	0.149718	0.200386	-0.1	0.15	0.2	-3.24974	-2.96706	-0.523599	1.21882	0	3.66519
1.08006	-0.100016	0.149749	0.200345	-0.1	0.15	0.2	-3.24956	-2.96706	-0.523599	1.21912	0	3.66519
1.09025	-0.100016	0.149775	0.200311	-0.1	0.15	0.2	-3.2494	-2.96706	-0.523599	1.21937	0	3.66519
1.10005	-0.100015	0.149796	0.200283	-0.1	0.15	0.2	-3.24927	-2.96706	-0.523599	1.21958	0	3.66519
1.11354	-0.100015	0.149803	0.200273	-0.1	0.15	0.2	-3.24923	-2.96706	-0.523599	1.21965	0	3.66519
1.12007	-0.100015	0.149815	0.200257	-0.1	0.15	0.2	-3.24916	-2.96706	-0.523599	1.21977	0	3.66519
1.13001	-0.100015	0.149844	0.200218	-0.1	0.15	0.2	-3.24897	-2.96706	-0.523599	1.22006	0	3.66519
1.14109	-0.100014	0.149851	0.200209	-0.1	0.15	0.2	-3.24893	-2.96706	-0.523599	1.22013	0	3.66519
1.15003	-0.100014	0.149865	0.20019	-0.1	0.15	0.2	-3.24884	-2.96706	-0.523599	1.22027	0	3.66519
1.16004	-0.100013	0.14988	0.20017	-0.1	0.15	0.2	-3.24874	-2.96706	-0.523599	1.22043	0	3.66519
1.17011	-0.100013	0.149891	0.200155	-0.1	0.15	0.2	-3.24867	-2.96706	-0.523599	1.22054	0	3.66519
1.18007	-0.100012	0.1499	0.200143	-0.1	0.15	0.2	-3.24861	-2.96706	-0.523599	1.22063	0	3.66519
1.19004	-0.100011	0.149909	0.20013	-0.1	0.15	0.2	-3.24855	-2.96706	-0.523599	1.22073	0	3.66519
1.20102	-0.100011	0.149916	0.200121	-0.1	0.15	0.2	-3.24851	-2.96706	-0.523599	1.22079	0	3.66519
1.21002	-0.10001	0.149924	0.20011	-0.1	0.15	0.2	-3.24845	-2.96706	-0.523599	1.22087	0	3.66519
1.22054	-0.10001	0.149931	0.2001	-0.1	0.15	0.2	-3.2484	-2.96706	-0.523599	1.22095	0	3.66519
1.2303	-0.100009	0.149937	0.200092	-0.1	0.15	0.2	-3.24836	-2.96706	-0.523599	1.22101	0	3.66519
1.24003	-0.100009	0.14994	0.200088	-0.1	0.15	0.2	-3.24834	-2.96706	-0.523599	1.22104	0	3.66519
1.25009	-0.100008	0.149947	0.200078	-0.1	0.15	0.2	-3.24829	-2.96706	-0.523599	1.22112	0	3.66519
1.26044	-0.100008	0.149951	0.200073	-0.1	0.15	0.2	-3.24826	-2.96706	-0.523599	1.22116	0	3.66519
1.2701	-0.100007	0.149956	0.200065	-0.1	0.15	0.2	-3.24823	-2.96706	-0.523599	1.22121	0	3.66519
1.28012	-0.100007	0.149959	0.20006	-0.1	0.15	0.2	-3.2482	-2.96706	-0.523599	1.22125	0	3.66519
1.29023	-0.100007	0.149961	0.200058	-0.1	0.15	0.2	-3.24818	-2.96706	-0.523599	1.22127	0	3.66519
1.30064	-0.100006	0.149966	0.20005	-0.1	0.15	0.2	-3.24815	-2.96706	-0.523599	1.22133	0	3.66519
1.31007	-0.100006	0.149969	0.200046	-0.1	0.15	0.2	-3.24812	-2.96706	-0.523599	1.22136	0	3.66519
1.32017	-0.100005	0.149972	0.200042	-0.1	0.15	0.2	-3.2481	-2.96706	-0.523599	1.22139	0	3.66519
1.33089	-0.100005	0.149974	0.20004	-0.1	0.15	0.2	-3.24809	-2.96706	-0.523599	1.22141	0	3.66519
1.34069	-0.100005	0.149977	0.200035	-0.1	0.15	0.2	-3.24806	-2.96706	-0.523599	1.22144	0	3.66519
1.35012	-0.100004	0.149979	0.200032	-0.1	0.15	0.2	-3.24804	-2.96706	-0.523599	1.22147	0	3.66519
1.36001	-0.100004	0.14998	0.200031	-0.1	0.15	0.2	-3.24804	-2.96706	-0.523599	1.22148	0	3.66519
1.37024	-0.100004	0.149982	0.200028	-0.1	0.15	0.2	-3.24802	-2.96706	-0.523599	1.2215	0	3.66519
1.38102	-0.100004	0.149983	0.200026	-0.1	0.15	0.2	-3.24801	-2.96706	-0.523599	1.22151	0	3.66519
1.39212	-0.100003	0.149985	0.200024	-0.1	0.15	0.2	-3.24799	-2.96706	-0.523599	1.22154	0	3.66519
1.40024	-0.100003	0.149986	0.200021	-0.1	0.15	0.2	-3.24798	-2.96706	-0.523599	1.22155	0	3.66519
1.41105	-0.100003	0.149988	0.200019	-0.1	0.15	0.2	-3.24797	-2.96706	-0.523599	1.22157	0	3.66519
1.42033	-0.100003	0.149988	0.200018	-0.1	0.15	0.2	-3.24796	-2.96706	-0.523599	1.22158	0	3.66519
1.43001	-0.100003	0.14999	0.200016	-0.1	0.15	0.2	-3.24795	-2.96706	-0.523599	1.22159	0	3.66519
1.44118	-0.100002	0.14999	0.200015	-0.1	0.15	0.2	-3.24794	-2.96706	-0.523599	1.2216	0	3.66519
1.45004	-0.100002	0.149991	0.200014	-0.1	0.15	0.2	-3.24793	-2.96706	-0.523599	1.22161	0	3.66519
1.46003	-0.100002	0.149992	0.200013	-0.1	0.15	0.2	-3.24793	-2.96706	-0.523599	1.22162	0	3.66519
1.47006	-0.100002	0.149993	0.200012	-0.1	0.15	0.2	-3.24792	-2.96706	-0.523599	1.22163	0	3.66519
1.48027	-0.100002	0.149994	0.200011	-0.1	0.15	0.2	-3.24791	-2.96706	-0.523599	1.22164	0	3.66519
1.49045	-0.100002	0.149994	0.20001	-0.1	0.15	0.2	-3.24791	-2.96706	-0.523599	1.22164	0	3.66519
1.50028	-0.100002	0.149995	0.200009	-0.1	0.15	0.2	-3.2479	-2.96706	-0.523599	1.22165	0	3.66519
1.51002	-0.100001	0.149995	0.200008	-0.1	0.15	0.2	-3.2479	-2.96706	-0.523599	1.22165	0	3.66519
1.52031	-0.100001	0.149995	0.200007	-0.1	0.15	0.2	-3.24789	-2.96706	-0.523599	1.22166	0	3.66519
1.53015	-0.100001	0.149996	0.200007	-0.1	0.15	0.2	-3.24789	-2.96706	-0.523599	1.22167	0	3.66519
1.54105	-0.100001	0.149996	0.200006	-0.1	0.15	0.2	-3.24788	-2.96706	-0.523599	1.22167	0	3.66519
1.55064	-0.100001	0.149996	0.200006	-0.1	0.15	0.2	-3.24788	-2.96706	-0.523599	1.22167	0	3.66519
1.5604	-0.100001	0.149996	0.200006	-0.1	0.15	0.2	-3.24788	-2.96706	-0.523599	1.22168	0	3.66519
1.57018	-0.100001	0.149997	0.200005	-0.1	0.15	0.2	-3.24788	-2.96706	-0.523599	1.22168	0	3.66519
1.58102	-0.100001	0.149997	0.200004	-0.1	0.15	0.2	-3.24787	-2.96706	-0.523599	1.22169	0	3.66519
1.59043	-0.100001	0.149998	0.200004	-0.1	0.15	0.2	-3.24787	-2.96706	-0.523599	1.22169	0	3.66519
1.60011	-0.100001	0.149998	0.200004	-0.1	0.15	0.2	-3.24787	-2.96706	-0.523599	1.22169	0	3.66519
1.61022	-0.100001	0.149998	0.200004	-0.1	0.15	0.2	-3.24787	-2.96706	-0.523599	1.22169	0	3.66519
1.62042	-0.100001	0.149998	0.200003	-0.1	0.15	0.2	-3.24786	-2.96706	-0.523599	1.2217	0	3.66519
1.63004	-0.100001	0.149998	0.200003	-0.1	0.15	0.2	-3.24786	-2.96706	-0.523599	1.2217	0	3.66519
1.64039	-0.100001	0.149998	0.200003	-0.1	0.15	0.2	-3.24786	-2.96706	-0.523599	1.2217	0	3.66519
1.65005	-0.100001	0.149998	0.200002	-0.1	0.15	0.2	-3.24785	-2.96706	-0.523599	1.2217	0	3.66519
1.66034	-0.100001	0.149999	0.200002	-0.1	0.15	0.2	-3.24785	-2.96706	-0.523599	1.22171	0	3.66519
1.67005	-0.100001	0.149999	0.200002	-0.1	0.15	0.2	-3.24785	-2.96706	-0.523599	1.22171	0	3.66519
1.68061	-0.100001	0.149999	0.200002	-0.1	0.15	0.2	-3.24785	-2.96706	-0.523599	1.22171	0	3.66519
1.69002	-0.1	0.149999	0.200002	-0.1	0.15	0.2	-3.24785	-2.96706	-0.523599	1.22171	0	3.66519
1.70007	-0.1	0.149999	0.200002	-0.1	0.15	0.2	-3.24785	-2.96706	-0.523599	1.22171	0	3.66519
1.71016	-0.1	0.149999	0.200001	-0.1	0.15	0.2	-3.24785	-2.96706	-0.523599	1.22171	0	3.66519
1.72012	-0.1	0.149999	0.200001	-0.1	0.15	0.2	-3.24784	-2.96706	-0.523599	1.22171	0	3.66519
1.73003	-0.1	0.149999	0.200001	-0.1	0.15	0.2	-3.24784	-2.96706	-0.523599	1.22171	0	3.66519
1.74174	-0.1	0.149999	0.200001	-0.1	0.15	0.2	-3.24784	-2.96706	-0.523599	1.22172	0	3.66519
1.75007	-0.1	0.149999	0.200001	-0.1	0.15	0.2	-3.24784	-2.96706	-0.523599	1.22172	0	3.66519
1.76332	-0.1	0.149999	0.200001	-0.1	0.15	0.2	-3.24784	-2.96706	-0.523599	1.22172	0	3.66519
1.77005	-0.1	0.15	0.200001	-0.1	0.15	0.2	-3.24784	-2.96706	-0.523599	1.22172	0	3.66519
1.78008	-0.1	0.15	0.200001	-0.1	0.15	0.2	-3.24784	-2.96706	-0.523599	1.22172	0	3.66519
1.79164	-0.1	0.149999	0.200001	-0.1	0.15	0.2	-3.24784	-2.96706	-0.523599	1.22172	0	3.66519
1.80084	-0.1	0.15	0.200001	-0.1	0.15	0.2	-3.24784	-2.96706	-0.523599	1.22172	0	3.66519
1.81044	-0.1	0.149999	0.2	-0.1	0.15	0.2	-3.24784	-2.96706	-0.523599	1.22172	0	3.66519
1.82017	-0.1	0.15	0.200001	-0.1	0.15	0.2	-3.24784	-2.96706	-0.523599	1.22172	0	3.66519
1.83003	-0.1	0.149999	0.2	-0.1	0.15	0.2	-3.24784	-2.96706	-0.523599	1.22172	0	3.66519
1.84015	-0.1	0.15	0.200001	-0.1	0.15	0.2	-3.24784	-2.96706	-0.523599	1.22172	0	3.66519
1.85047	-0.1	0.15	0.2	-0.1	0.15	0.2	-3.24784	-2.96706	-0.523599	1.22172	0	3.66519
1.86011	-0.1	0.15	0.2	-0.1	0.15	0.2	-3.24784	-2.96706	-0.523599	1.22172	0	3.66519
1.87016	-0.1	0.15	0.2	-0.1	0.15	0.2	-3.24784	-2.96706	-0.523599	1.22172	0	3.66519
1.88004	-0.1	0.15	0.2	-0.1	0.15	0.2	-3.24784	-2.96706	-0.523599	1.22172	0	3.66519
1.8902	-0.1	0.15	0.2	-0.1	0.15	0.2	-3.24783	-2.96706	-0.523599	1.22172	0	3.66519
1.90031	-0.1	0.15	0.2	-0.1	0.15	0.2	-3.24783	-2.96706	-0.523599	1.22172	0	3.66519
1.9102	-0.1	0.15	0.2	-0.1	0.15	0.2	-3.24783	-2.96706	-0.523599	1.22172	0	3.66519
1.92002	-0.1	0.15	0.2	-0.1	0.15	0.2	-3.24783	-2.96706	-0.523599	1.22172	0	3.66519
1.93058	-0.1	0.15	0.2	-0.1	0.15	0.2	-3.24783	-2.96706	-0.523599	1.22172	0	3.66519
1.94333	-0.1	0.15	0.2	-0.1	0.15	0.2	-3.24783	-2.96706	-0.523599	1.22172	0	3.66519
1.95008	-0.1	0.15	0.2	-0.1	0.15	0.2	-3.24783	-2.96706	-0.523599	1.22172	0	3.66519
1.96115	-0.1	0.15	0.2	-0.1	0.15	0.2	-3.24783	-2.96706	-0.523599	1.22172	0	3.66519
1.97004	-0.1	0.15	0.2	-0.1	0.15	0.2	-3.24783	-2.96706	-0.523599	1.22172	0	3.66519
1.98032	-0.1	0.15	0.2	-0.1	0.15	0.2	-3.24783	-2.96706	-0.523599	1.22172	0	3.66519
1.99173	-0.1	0.15	0.2	-0.1	0.15	0.2	-3.24783	-2.96706	-0.523599	1.22172	0	3.66519
2.00003	-0.1	0.15	0.2	-0.1	0.15	0.2	-3.24783	-2.96706	-0.523599	1.22172	0	3.66519
2.01002	-0.1	0.15	0.2	-0.1	0.15	0.2	-3.24783	-2.96706	-0.523599	1.22172	0	3.66519
2.021	-0.0999999	0.15	0.2	-0.1	0.15	0.2	-3.24783	-2.96706	-0.523599	1.22172	0	3.66519
2.0301	-0.1	0.15	0.2	-0.1	0.15	0.2	-3.24783	-2.96706	-0.523599	1.22172	0	3.66519
2.04011	-0.1	0.15	0.2	-0.1	0.15	0.2	-3.24783	-2.96706	-0.523599	1.22172	0	3.66519
2.05024	-0.0999999	0.15	0.2	-0.1	0.15	0.2	-3.24783	-2.96706	-0.523599	1.22172	0	3.66519
2.06041	-0.1	0.15	0.2	-0.1	0.15	0.2	-3.24783	-2.96706	-0.523599	1.22172	0	3.66519
2.07021	-0.1	0.15	0.2	-0.1	0.15	0.2	-3.24783	-2.96706	-0.523599	1.22172	0	3.66519
2.08095	-0.0999999	0.15	0.2	-0.1	0.15	0.2	-3.24783	-2.96706	-0.523599	1.22172	0	3.66519
2.0907	-0.1	0.15	0.2	-0.1	0.15	0.2	-3.24783	-2.96706	-0.523599	1.22172	0	3.66519
2.10047	-0.1	0.15	0.2	-0.1	0.15	0.2	-3.24783	-2.96706	-0.523599	1.22172	0	3.66519
2.11022	-0.1	0.15	0.2	-0.1	0.15	0.2	-3.24783	-2.96706	-0.523599	1.22172	0	3.66519
2.12001	-0.0999999	0.15	0.2	-0.1	0.15	0.2	-3.24783	-2.96706	-0.523599	1.22172	0	3.66519
2.13006	-0.1	0.15	0.2	-0.1	0.15	0.2	-3.24783	-2.96706	-0.523599	1.22172	0	3.66519
2.14051	-0.1	0.15	0.2	-0.1	0.15	0.2	-3.24783	-2.96706	-0.523599	1.22172	0	3.66519
2.15006	-0.1	0.15	0.2	-0.1	0.15	0.2	-3.24783	-2.96706	-0.523599	1.22172	0	3.66519
2.16016	-0.1	0.15	0.2	-0.1	0.15	0.2	-3.24783	-2.96706	-0.523599	1.22172	0	3.66519
2.1708	-0.0999999	0.15	0.2	-0.1	0.15	0.2	-3.24783	-2.96706	-0.523599	1.22172	0	3.66519
2.18004	-0.0999999	0.15	0.2	-0.1	0.15	0.2	-3.24783	-2.96706	-0.523599	1.22172	0	3.66519
2.19212	-0.0999999	0.15	0.2	-0.1	0.15	0.2	-3.24783	-2.96706	-0.523599	1.22172	0	3.66519
2.2002	-0.1	0.15	0.2	-0.1	0.15	0.2	-3.24783	-2.96706	-0.523599	1.22172	0	3.66519
2.21064	-0.1	0.15	0.2	-0.1	0.15	0.2	-3.24783	-2.96706	-0.523599	1.22172	0	3.66519
2.22002	-0.1	0.15	0.2	-0.1	0.15	0.2	-3.24783	-2.96706	-0.523599	1.22172	0	3.66519
2.23002	-0.1	0.15	0.2	-0.1	0.15	0.2	-3.24783	-2.96706	-0.523599	1.22172	0	3.66519
2.24063	-0.1	0.15	0.2	-0.1	0.15	0.2	-3.24783	-2.96706	-0.523599	1.22172	0	3.66519
2.25063	-0.1	0.15	0.2	-0.1	0.15	0.2	-3.24783	-2.96706	-0.523599	1.22172	0	3.66519
2.26063	-0.1	0.15	0.2	-0.1	0.15	0.2	-3.24783	-2.96706	-0.523599	1.22172	0	3.66519
2.27038	-0.1	0.15	0.2	-0.1	0.15	0.2	-3.24783	-2.96706	-0.523599	1.22172	0	3.66519
2.28017	-0.1	0.15	0.2	-0.1	0.15	0.2	-3.24783	-2.96706	-0.523599	1.22172	0	3.66519
2.29406	-0.1	0.15	0.2	-0.1	0.15	0.2	-3.24783	-2.96706	-0.523599	1.22172	0	3.66519
2.30009	-0.1	0.15	0.2	-0.1	0.15	0.2	-3.24783	-2.96706	-0.523599	1.22172	0	3.66519
2.31032	-0.1	0.15	0.2	-0.1	0.15	0.2	-3.24783	-2.96706	-0.523599	1.22172	0	3.66519
2.32019	-0.1	0.15	0.2	-0.1	0.15	0.2	-3.24783	-2.96706	-0.523599	1.22172	0	3.66519
2.33095	-0.1	0.15	0.2	-0.1	0.15	0.2	-3.24783	-2.96706	-0.523599	1.22172	0	3.66519
2.34051	-0.1	0.15	0.2	-0.1	0.15	0.2	-3.24783	-2.96706	-0.523599	1.22172	0	3.66519
2.35003	-0.1	0.15	0.2	-0.1	0.15	0.2	-3.24783	-2.96706	-0.523599	1.22173	0	3.66519
2.36002	-0.1	0.15	0.2	-0.1	0.15	0.2	-3.24783	-2.96706	-0.523599	1.22173	0	3.66519
2.37067	-0.1	0.15	0.2	-0.1	0.15	0.2	-3.24783	-2.96706	-0.523599	1.22173	0	3.66519
2.38113	-0.1	0.15	0.2	-0.1	0.15	0.2	-3.24783	-2.96706	-0.523599	1.22173	0	3.66519
2.39004	-0.1	0.15	0.2	-0.1	0.15	0.2	-3.24783	-2.96706	-0.523599	1.22173	0	3.66519
2.40001	-0.1	0.15	0.2	-0.1	0.15	0.2	-3.24783	-2.96706	-0.523599	1.22173	0	3.66519
2.4102	-0.1	0.15	0.2	-0.1	0.15	0.2	-3.24783	-2.96706	-0.523599	1.22173	0	3.66519
2.42004	-0.1	0.15	0.2	-0.1	0.15	0.2	-3.24783	-2.96706	-0.523599	1.22173	0	3.66519
2.43044	-0.1	0.15	0.2	-0.1	0.15	0.2	-3.24783	-2.96706	-0.523599	1.22173	0	3.66519
2.44013	-0.1	0.15	0.2	-0.1	0.15	0.2	-3.24783	-2.96706	-0.523599	1.22172	0	3.66519
2.45011	-0.1	0.15	0.2	-0.1	0.15	0.2	-3.24783	-2.96706	-0.523599	1.22172	0	3.66519
2.4601	-0.1	0.15	0.2	-0.1	0.15	0.2	-3.24783	-2.96706	-0.523599	1.22172	0	3.66519
2.47012	-0.1	0.15	0.2	-0.1	0.15	0.2	-3.24783	-2.96706	-0.523599	1.22172	0	3.66519
2.48002	-0.1	0.15	0.2	-0.1	0.15	0.2	-3.24783	-2.96706	-0.523599	1.22172	0	3.66519
2.49006	-0.0999999	0.15	0.2	-0.1	0.15	0.2	-3.24783	-2.96706	-0.523599	1.22173	0	3.66519
2.5008	-0.1	0.15	0.2	-0.1	0.15	0.2	-3.24783	-2.96706	-0.523599	1.22172	0	3.66519
2.51002	-0.1	0.15	0.2	-0.1	0.15	0.2	-3.24783	-2.96706	-0.523599	1.22172	0	3.66519
2.52002	-0.1	0.15	0.2	-0.1	0.15	0.2	-3.24783	-2.96706	-0.523599	1.22172	0	3.66519
2.53031	-0.1	0.15	0.2	-0.1	0.15	0.2	-3.24783	-2.96706	-0.523599	1.22172	0	3.66519
2.54339	-0.1	0.15	0.2	-0.1	0.15	0.2	-3.24783	-2.96706	-0.523599	1.22172	0	3.66519
2.55067	-0.0999999	0.15	0.2	-0.1	0.15	0.2	-3.24783	-2.96706	-0.523599	1.22173	0	3.66519
2.56088	-0.0999999	0.15	0.2	-0.1	0.15	0.2	-3.24783	-2.96706	-0.523599	1.22173	0	3.66519
2.57004	-0.1	0.15	0.2	-0.1	0.15	0.2	-3.24783	-2.96706	-0.523599	1.22172	0	3.66519
2.58002	-0.1	0.15	0.2	-0.1	0.15	0.2	-3.24783	-2.96706	-0.523599	1.22172	0	3.66519
2.59054	-0.1	0.15	0.2	-0.1	0.15	0.2	-3.24783	-2.96706	-0.523599	1.22172	0	3.66519
2.60049	-0.1	0.15	0.2	-0.1	0.15	0.2	-3.24783	-2.96706	-0.523599	1.22172	0	3.66519
2.61026	-0.0999999	0.15	0.2	-0.1	0.15	0.2	-3.24783	-2.96706	-0.523599	1.22173	0	3.66519
2.62099	-0.0999999	0.15	0.2	-0.1	0.15	0.2	-3.24783	-2.96706	-0.523599	1.22173	0	3.66519
2.63002	-0.0999999	0.15	0.2	-0.1	0.15	0.2	-3.24783	-2.96706	-0.523599	1.22173	0	3.66519
2.64183	-0.1	0.15	0.2	-0.1	0.15	0.2	-3.24783	-2.96706	-0.523599	1.22172	0	3.66519
2.65006	-0.1	0.15	0.2	-0.1	0.15	0.2	-3.24783	-2.96706	-0.523599	1.22172	0	3.66519
2.66006	-0.0999999	0.15	0.2	-0.1	0.15	0.2	-3.24783	-2.96706	-0.523599	1.22173	0	3.66519
2.67016	-0.0999999	0.15	0.2	-0.1	0.15	0.2	-3.24783	-2.96706	-0.523599	1.22173	0	3.66519
2.68005	-0.1	0.15	0.2	-0.1	0.15	0.2	-3.24783	-2.96706	-0.523599	1.22172	0	3.66519
2.69002	-0.1	0.15	0.2	-0.1	0.15	0.2	-3.24783	-2.96706	-0.523599	1.22172	0	3.66519
2.7018	-0.1	0.15	0.2	-0.1	0.15	0.2	-3.24783	-2.96706	-0.523599	1.22172	0	3.66519
2.71004	-0.1	0.15	0.2	-0.1	0.15	0.2	-3.24783	-2.96706	-0.523599	1.22172	0	3.66519
2.72064	-0.0999999	0.15	0.2	-0.1	0.15	0.2	-3.24783	-2.96706	-0.523599	1.22173	0	3.66519
2.73105	-0.0999999	0.15	0.2	-0.1	0.15	0.2	-3.24783	-2.96706	-0.523599	1.22173	0	3.66519
2.74014	-0.1	0.15	0.2	-0.1	0.15	0.2	-3.24783	-2.96706	-0.523599	1.22172	0	3.66519
2.75087	-0.1	0.15	0.2	-0.1	0.15	0.2	-3.24783	-2.96706	-0.523599	1.22172	0	3.66519
2.76087	-0.1	0.15	0.2	-0.1	0.15	0.2	-3.24783	-2.96706	-0.523599	1.22172	0	3.66519
2.77043	-0.1	0.15	0.2	-0.1	0.15	0.2	-3.24783	-2.96706	-0.523599	1.22172	0	3.66519
2.78207	-0.0999999	0.15	0.2	-0.1	0.15	0.2	-3.24783	-2.96706	-0.523599	1.22173	0	3.66519
2.79696	-0.1	0.15	0.2	-0.1	0.15	0.2	-3.24783	-2.96706	-0.523599	1.22172	0	3.66519
2.80069	-0.1	0.15	0.2	-0.1	0.15	0.2	-3.24783	-2.96706	-0.523599	1.22172	0	3.66519
2.81046	-0.1	0.15	0.2	-0.1	0.15	0.2	-3.24783	-2.96706	-0.523599	1.22172	0	3.66519
2.82009	-0.1	0.15	0.2	-0.1	0.15	0.2	-3.24783	-2.96706	-0.523599	1.22172	0	3.66519
2.83006	-0.1	0.15	0.2	-0.1	0.15	0.2	-3.24783	-2.96706	-0.523599	1.22172	0	3.66519
2.84116	-0.1	0.15	0.2	-0.1	0.15	0.2	-3.24783	-2.96706	-0.523599	1.22172	0	3.66519
2.86408	-0.1	0.15	0.2	-0.1	0.15	0.2	-3.24783	-2.96706	-0.523599	1.22172	0	3.66519
2.87048	-0.1	0.15	0.2	-0.1	0.15	0.2	-3.24783	-2.96706	-0.523599	1.22172	0	3.66519
2.87331	-0.1	0.15	0.2	-0.1	0.15	0.2	-3.24783	-2.96706	-0.523599	1.22172	0	3.66519
2.88003	-0.1	0.15	0.2	-0.1	0.15	0.2	-3.24783	-2.96706	-0.523599	1.22172	0	3.66519
2.89007	-0.1	0.15	0.2	-0.1	0.15	0.2	-3.24783	-2.96706	-0.523599	1.22172	0	3.66519
2.90005	-0.1	0.15	0.2	-0.1	0.15	0.2	-3.24783	-2.96706	-0.523599	1.22172	0	3.66519
2.91204	-0.1	0.15	0.2	-0.1	0.15	0.2	-3.24783	-2.96706	-0.523599	1.22172	0	3.66519
2.92007	-0.0999999	0.15	0.2	-0.1	0.15	0.2	-3.24783	-2.96706	-0.523599	1.22173	0	3.66519
2.93011	-0.0999999	0.15	0.2	-0.1	0.15	0.2	-3.24783	-2.96706	-0.523599	1.22173	0	3.66519
2.9404	-0.1	0.15	0.2	-0.1	0.15	0.2	-3.24783	-2.96706	-0.523599	1.22172	0	3.66519
2.95003	-0.1	0.15	0.2	-0.1	0.15	0.2	-3.24783	-2.96706	-0.523599	1.22172	0	3.66519
2.96029	-0.1	0.15	0.2	-0.1	0.15	0.2	-3.24783	-2.96706	-0.523599	1.22172	0	3.66519
2.97068	-0.0999999	0.15	0.2	-0.1	0.15	0.2	-3.24783	-2.96706	-0.523599	1.22173	0	3.66519
2.98038	-0.0999999	0.15	0.2	-0.1	0.15	0.2	-3.24783	-2.96706	-0.523599	1.22173	0	3.66519
2.99228	-0.0999999	0.15	0.2	-0.1	0.15	0.2	-3.24783	-2.96706	-0.523599	1.22173	0	3.66519
3.00004	-0.1	0.15	0.2	-0.1	0.15	0.2	-3.24783	-2.96706	-0.523599	1.22172	0	3.66519
3.01065	-0.1	0.15	0.2	-0.1	0.15	0.2	-3.24783	-2.96706	-0.523599	1.22172	0	3.66519
3.02002	-0.0999999	0.15	0.2	-0.1	0.15	0.2	-3.24783	-2.96706	-0.523599	1.22172	0	3.66519
3.0301	-0.0999999	0.15	0.2	-0.1	0.15	0.2	-3.24783	-2.96706	-0.523599	1.22172	0	3.66519
3.04003	-0.1	0.15	0.2	-0.1	0.15	0.2	-3.24783	-2.96706	-0.523599	1.22172	0	3.66519
3.05007	-0.1	0.15	0.2	-0.1	0.15	0.2	-3.24783	-2.96706	-0.523599	1.22172	0	3.66519
3.06008	-0.0999999	0.15	0.2	-0.1	0.15	0.2	-3.24783	-2.96706	-0.523599	1.22173	0	3.66519
3.07022	-0.0999999	0.15	0.2	-0.1	0.15	0.2	-3.24783	-2.96706	-0.523599	1.22173	0	3.66519
3.08039	-0.1	0.15	0.2	-0.1	0.15	0.2	-3.24783	-2.96706	-0.523599	1.22172	0	3.66519
3.0903	-0.1	0.15	0.2	-0.1	0.15	0.2	-3.24783	-2.96706	-0.523599	1.22172	0	3.66519
3.10005	-0.1	0.15	0.2	-0.1	0.15	0.2	-3.24783	-2.96706	-0.523599	1.22172	0	3.66519
3.1118	-0.0999999	0.15	0.2	-0.1	0.15	0.2	-3.24783	-2.96706	-0.523599	1.22173	0	3.66519
3.12016	-0.0999999	0.15	0.2	-0.1	0.15	0.2	-3.24783	-2.96706	-0.523599	1.22173	0	3.66519
3.13008	-0.1	0.15	0.2	-0.1	0.15	0.2	-3.24783	-2.96706	-0.523599	1.22172	0	3.66519
3.14365	-0.1	0.15	0.2	-0.1	0.15	0.2	-3.24783	-2.96706	-0.523599	1.22172	0	3.66519
3.15024	-0.1	0.15	0.2	-0.1	0.15	0.2	-3.24783	-2.96706	-0.523599	1.22172	0	3.66519
3.1601	-0.0999999	0.15	0.2	-0.1	0.15	0.2	-3.24783	-2.96706	-0.523599	1.22173	0	3.66519
3.17008	-0.0999999	0.15	0.2	-0.1	0.15	0.2	-3.24783	-2.96706	-0.523599	1.22173	0	3.66519
3.18009	-0.1	0.15	0.2	-0.1	0.15	0.2	-3.24783	-2.96706	-0.523599	1.22172	0	3.66519
3.19002	-0.1	0.15	0.2	-0.1	0.15	0.2	-3.24783	-2.96706	-0.523599	1.22172	0	3.66519
3.20003	-0.0999999	0.15	0.2	-0.1	0.15	0.2	-3.24783	-2.96706	-0.523599	1.22173	0	3.66519
3.21158	-0.0999999	0.15	0.2	-0.1	0.15	0.2	-3.24783	-2.96706	-0.523599	1.22173	0	3.66519
3.22045	-0.0999999	0.15	0.2	-0.1	0.15	0.2	-3.24783	-2.96706	-0.523599	1.22173	0	3.66519
3.23023	-0.1	0.15	0.2	-0.1	0.15	0.2	-3.24783	-2.96706	-0.523599	1.22172	0	3.66519
3.24001	-0.1	0.15	0.2	-0.1	0.15	0.2	-3.24783	-2.96706	-0.523599	1.22172	0	3.66519
3.25003	-0.1	0.15	0.2	-0.1	0.15	0.2	-3.24783	-2.96706	-0.523599	1.22172	0	3.66519
3.26134	-0.0999999	0.15	0.2	-0.1	0.15	0.2	-3.24783	-2.96706	-0.523599	1.22173	0	3.66519
3.27013	-0.0999999	0.15	0.2	-0.1	0.15	0.2	-3.24783	-2.96706	-0.523599	1.22173	0	3.66519
3.28052	-0.1	0.15	0.2	-0.1	0.15	0.2	-3.24783	-2.96706	-0.523599	1.22172	0	3.66519
3.29139	-0.1	0.15	0.2	-0.1	0.15	0.2	-3.24783	-2.96706	-0.523599	1.22172	0	3.66519
3.30014	-0.1	0.15	0.2	-0.1	0.15	0.2	-3.24783	-2.96706	-0.523599	1.22172	0	3.66519
3.31041	-0.1	0.15	0.2	-0.1	0.15	0.2	-3.24783	-2.96706	-0.523599	1.22172	0	3.66519
3.32001	-0.0999999	0.15	0.2	-0.1	0.15	0.2	-3.24783	-2.96706	-0.523599	1.22173	0	3.66519
3.33017	-0.1	0.15	0.2	-0.1	0.15	0.2	-3.24783	-2.96706	-0.523599	1.22172	0	3.66519
3.34002	-0.1	0.15	0.2	-0.1	0.15	0.2	-3.24783	-2.96706	-0.523599	1.22172	0	3.66519
3.35019	-0.0999999	0.15	0.2	-0.1	0.15	0.2	-3.24783	-2.96706	-0.523599	1.22172	0	3.66519
3.36001	-0.0999998	0.15	0.2	-0.1	0.15	0.2	-3.24783	-2.96706	-0.523599	1.22173	0	3.66519
3.37102	-0.1	0.15	0.2	-0.1	0.15	0.2	-3.24783	-2.96706	-0.523599	1.22173	0	3.66519
3.38067	-0.1	0.15	0.2	-0.1	0.15	0.2	-3.24783	-2.96706	-0.523599	1.22173	0	3.66519
3.39082	-0.1	0.15	0.2	-0.1	0.15	0.2	-3.24783	-2.96706	-0.523599	1.22172	0	3.66519
3.40003	-0.1	0.15	0.2	-0.1	0.15	0.2	-3.24783	-2.96706	-0.523599	1.22172	0	3.66519
3.41012	-0.1	0.15	0.2	-0.1	0.15	0.2	-3.24783	-2.96706	-0.523599	1.22173	0	3.66519
3.42068	-0.1	0.15	0.2	-0.1	0.15	0.2	-3.24783	-2.96706	-0.523599	1.22173	0	3.66519
3.43026	-0.0999999	0.15	0.2	-0.1	0.15	0.2	-3.24783	-2.96706	-0.523599	1.22173	0	3.66519
3.44277	-0.1	0.15	0.2	-0.1	0.15	0.2	-3.24783	-2.96706	-0.523599	1.22172	0	3.66519
3.45014	-0.1	0.15	0.2	-0.1	0.15	0.2	-3.24783	-2.96706	-0.523599	1.22172	0	3.66519
3.46009	-0.1	0.15	0.2	-0.1	0.15	0.2	-3.24783	-2.96706	-0.523599	1.22172	0	3.66519
3.47065	-0.1	0.15	0.2	-0.1	0.15	0.2	-3.24783	-2.96706	-0.523599	1.22172	0	3.66519
3.48003	-0.0999999	0.15	0.2	-0.1	0.15	0.2	-3.24783	-2.96706	-0.523599	1.22173	0	3.66519
3.49022	-0.0999999	0.15	0.2	-0.1	0.15	0.2	-3.24783	-2.96706	-0.523599	1.22173	0	3.66519
3.50003	-0.1	0.15	0.2	-0.1	0.15	0.2	-3.24783	-2.96706	-0.523599	1.22172	0	3.66519
3.51069	-0.1	0.15	0.2	-0.1	0.15	0.2	-3.24783	-2.96706	-0.523599	1.22172	0	3.66519
3.52047	-0.1	0.15	0.2	-0.1	0.15	0.2	-3.24783	-2.96706	-0.523599	1.22172	0	3.66519
3.5301	-0.0999999	0.15	0.2	-0.1	0.15	0.2	-3.24783	-2.96706	-0.523599	1.22172	0	3.66519
3.5401	-0.0999997	0.15	0.2	-0.1	0.15	0.2	-3.24783	-2.96706	-0.523599	1.22173	0	3.66519
3.5501	-0.0999999	0.15	0.2	-0.1	0.15	0.2	-3.24783	-2.96706	-0.523599	1.22173	0	3.66519
3.56049	-0.1	0.15	0.2	-0.1	0.15	0.2	-3.24783	-2.96706	-0.523599	1.22172	0	3.66519
3.57091	-0.1	0.15	0.2	-0.1	0.15	0.2	-3.24783	-2.96706	-0.523599	1.22172	0	3.66519
3.58288	-0.1	0.15	0.2	-0.1	0.15	0.2	-3.24783	-2.96706	-0.523599	1.22173	0	3.66519
3.59001	-0.1	0.15	0.2	-0.1	0.15	0.2	-3.24783	-2.96706	-0.523599	1.22173	0	3.66519
3.60004	-0.1	0.15	0.2	-0.1	0.15	0.2	-3.24783	-2.96706	-0.523599	1.22173	0	3.66519
3.61013	-0.1	0.15	0.2	-0.1	0.15	0.2	-3.24783	-2.96706	-0.523599	1.22172	0	3.66519
3.6214	-0.1	0.15	0.2	-0.1	0.15	0.2	-3.24783	-2.96706	-0.523599	1.22172	0	3.66519
3.6316	-0.1	0.15	0.2	-0.1	0.15	0.2	-3.24783	-2.96706	-0.523599	1.22172	0	3.66519
3.64007	-0.0999999	0.15	0.2	-0.1	0.15	0.2	-3.24783	-2.96706	-0.523599	1.22173	0	3.66519
3.65001	-0.0999999	0.15	0.2	-0.1	0.15	0.2	-3.24783	-2.96706	-0.523599	1.22173	0	3.66519
3.66199	-0.1	0.15	0.2	-0.1	0.15	0.2	-3.24783	-2.96706	-0.523599	1.22172	0	3.66519
3.67033	-0.1	0.15	0.2	-0.1	0.15	0.2	-3.24783	-2.96706	-0.523599	1.22172	0	3.66519
3.68003	-0.1	0.15	0.2	-0.1	0.15	0.2	-3.24783	-2.96706	-0.523599	1.22172	0	3.66519
3.69005	-0.1	0.15	0.2	-0.1	0.15	0.2	-3.24783	-2.96706	-0.523599	1.22172	0	3.66519
3.70003	-0.0999997	0.15	0.2	-0.1	0.15	0.2	-3.24783	-2.96706	-0.523599	1.22173	0	3.66519
3.71029	-0.0999997	0.15	0.2	-0.1	0.15	0.2	-3.24783	-2.96706	-0.523599	1.22173	0	3.66519
3.72067	-0.0999999	0.15	0.2	-0.1	0.15	0.2	-3.24783	-2.96706	-0.523599	1.22172	0	3.66519
3.73007	-0.1	0.15	0.2	-0.1	0.15	0.2	-3.24783	-2.96706	-0.523599	1.22172	0	3.66519
3.7402	-0.1	0.15	0.2	-0.1	0.15	0.2	-3.24783	-2.96706	-0.523599	1.22172	0	3.66519
3.75034	-0.1	0.15	0.2	-0.1	0.15	0.2	-3.24783	-2.96706	-0.523599	1.22173	0	3.66519
3.76099	-0.1	0.15	0.2	-0.1	0.15	0.2	-3.24783	-2.96706	-0.523599	1.22173	0	3.66519
3.77001	-0.1	0.15	0.2	-0.1	0.15	0.2	-3.24783	-2.96706	-0.523599	1.22173	0	3.66519
3.78014	-0.1	0.15	0.2	-0.1	0.15	0.2	-3.24783	-2.96706	-0.523599	1.22173	0	3.66519
3.79038	-0.1	0.15	0.2	-0.1	0.15	0.2	-3.24783	-2.96706	-0.523599	1.22172	0	3.66519
3.80074	-0.1	0.15	0.2	-0.1	0.15	0.2	-3.24783	-2.96706	-0.523599	1.22172	0	3.66519
3.81008	-0.1	0.15	0.2	-0.1	0.15	0.2	-3.24783	-2.96706	-0.523599	1.22173	0	3.66519
3.82025	-0.1	0.15	0.2	-0.1	0.15	0.2	-3.24783	-2.96706	-0.523599	1.22173	0	3.66519
3.83006	-0.1	0.15	0.2	-0.1	0.15	0.2	-3.24783	-2.96706	-0.523599	1.22173	0	3.66519
3.84077	-0.0999999	0.15	0.2	-0.1	0.15	0.2	-3.24783	-2.96706	-0.523599	1.22172	0	3.66519
3.8501	-0.0999999	0.15	0.2	-0.1	0.15	0.2	-3.24783	-2.96706	-0.523599	1.22172	0	3.66519
3.86005	-0.1	0.15	0.2	-0.1	0.15	0.2	-3.24783	-2.96706	-0.523599	1.22172	0	3.66519
3.87009	-0.1	0.15	0.2	-0.1	0.15	0.2	-3.24783	-2.96706	-0.523599	1.22173	0	3.66519
3.88187	-0.1	0.15	0.2	-0.1	0.15	0.2	-3.24783	-2.96706	-0.523599	1.22173	0	3.66519
3.89059	-0.1	0.15	0.2	-0.1	0.15	0.2	-3.24783	-2.96706	-0.523599	1.22173	0	3.66519
3.90038	-0.1	0.15	0.2	-0.1	0.15	0.2	-3.24783	-2.96706	-0.523599	1.22173	0	3.66519
3.91349	-0.0999999	0.15	0.2	-0.1	0.15	0.2	-3.24783	-2.96706	-0.523599	1.22173	0	3.66519
3.92016	-0.1	0.15	0.2	-0.1	0.15	0.2	-3.24783	-2.96706	-0.523599	1.22172	0	3.66519
3.9311	-0.1	0.15	0.2	-0.1	0.15	0.2	-3.24783	-2.96706	-0.523599	1.22172	0	3.66519
3.94014	-0.1	0.15	0.2	-0.1	0.15	0.2	-3.24783	-2.96706	-0.523599	1.22172	0	3.66519
3.95001	-0.1	0.15	0.2	-0.1	0.15	0.2	-3.24783	-2.96706	-0.523599	1.22172	0	3.66519
3.96019	-0.1	0.15	0.2	-0.1	0.15	0.2	-3.24783	-2.96706	-0.523599	1.22173	0	3.66519
3.97004	-0.1	0.15	0.2	-0.1	0.15	0.2	-3.24783	-2.96706	-0.523599	1.22173	0	3.66519
3.98221	-0.1	0.15	0.2	-0.1	0.15	0.2	-3.24783	-2.96706	-0.523599	1.22173	0	3.66519
3.99016	-0.1	0.15	0.2	-0.1	0.15	0.2	-3.24783	-2.96706	-0.523599	1.22172	0	3.66519
4.00012	-0.0999999	0.15	0.2	-0.1	0.15	0.2	-3.24783	-2.96706	-0.523599	1.22172	0	3.66519
4.01425	-0.1	0.15	0.2	-0.1	0.15	0.2	-3.24783	-2.96706	-0.523599	1.22172	0	3.66519
4.02246	-0.1	0.15	0.2	-0.1	0.15	0.2	-3.24783	-2.96706	-0.523599	1.22172	0	3.66519
4.03038	-0.1	0.15	0.2	-0.1	0.15	0.2	-3.24783	-2.96706	-0.523599	1.22172	0	3.66519
4.04099	-0.1	0.15	0.2	-0.1	0.15	0.2	-3.24783	-2.96706	-0.523599	1.22173	0	3.66519
4.05002	-0.1	0.15	0.2	-0.1	0.15	0.2	-3.24783	-2.96706	-0.523599	1.22173	0	3.66519
4.06263	-0.1	0.15	0.2	-0.1	0.15	0.2	-3.24783	-2.96706	-0.523599	1.22173	0	3.66519
4.07027	-0.1	0.15	0.2	-0.1	0.15	0.2	-3.24783	-2.96706	-0.523599	1.22173	0	3.66519
4.08202	-0.1	0.15	0.2	-0.1	0.15	0.2	-3.24783	-2.96706	-0.523599	1.22173	0	3.66519
4.09005	-0.1	0.15	0.2	-0.1	0.15	0.2	-3.24783	-2.96706	-0.523599	1.22172	0	3.66519
4.10003	-0.1	0.15	0.2	-0.1	0.15	0.2	-3.24783	-2.96706	-0.523599	1.22172	0	3.66519
4.11159	-0.1	0.15	0.2	-0.1	0.15	0.2	-3.24783	-2.96706	-0.523599	1.22172	0	3.66519
4.12019	-0.0999997	0.15	0.2	-0.1	0.15	0.2	-3.24783	-2.96706	-0.523599	1.22173	0	3.66519
4.13006	-0.0999997	0.15	0.2	-0.1	0.15	0.2	-3.24783	-2.96706	-0.523599	1.22173	0	3.66519
4.14003	-0.1	0.15	0.2	-0.1	0.15	0.2	-3.24783	-2.96706	-0.523599	1.22172	0	3.66519
4.1504	-0.1	0.15	0.2	-0.1	0.15	0.2	-3.24783	-2.96706	-0.523599	1.22172	0	3.66519
4.16113	-0.1	0.15	0.2	-0.1	0.15	0.2	-3.24783	-2.96706	-0.523599	1.22172	0	3.66519
4.17002	-0.1	0.15	0.2	-0.1	0.15	0.2	-3.24783	-2.96706	-0.523599	1.22173	0	3.66519
4.1801	-0.1	0.15	0.2	-0.1	0.15	0.2	-3.24783	-2.96706	-0.523599	1.22173	0	3.66519
4.19012	-0.1	0.15	0.2	-0.1	0.15	0.2	-3.24783	-2.96706	-0.523599	1.22173	0	3.66519
4.20013	-0.1	0.15	0.2	-0.1	0.15	0.2	-3.24783	-2.96706	-0.523599	1.22173	0	3.66519
4.21269	-0.1	0.15	0.2	-0.1	0.15	0.2	-3.24783	-2.96706	-0.523599	1.22173	0	3.66519
4.22068	-0.1	0.15	0.2	-0.1	0.15	0.2	-3.24783	-2.96706	-0.523599	1.22173	0	3.66519
4.23011	-0.1	0.15	0.2	-0.1	0.15	0.2	-3.24783	-2.96706	-0.523599	1.22173	0	3.66519
4.24021	-0.1	0.15	0.2	-0.1	0.15	0.2	-3.24783	-2.96706	-0.523599	1.22173	0	3.66519
4.25009	-0.1	0.15	0.2	-0.1	0.15	0.2	-3.24783	-2.96706	-0.523599	1.22173	0	3.66519
4.2628	-0.1	0.15	0.2	-0.1	0.15	0.2	-3.24783	-2.96706	-0.523599	1.22173	0	3.66519
4.27421	-0.1	0.15	0.2	-0.1	0.15	0.2	-3.24783	-2.96706	-0.523599	1.22173	0	3.66519
4.28023	-0.0999999	0.15	0.2	-0.1	0.15	0.2	-3.24783	-2.96706	-0.523599	1.22173	0	3.66519
4.29031	-0.0999999	0.15	0.2	-0.1	0.15	0.2	-3.24783	-2.96706	-0.523599	1.22173	0	3.66519
4.30077	-0.1	0.15	0.2	-0.1	0.15	0.2	-3.24783	-2.96706	-0.523599	1.22173	0	3.66519
4.31417	-0.1	0.15	0.2	-0.1	0.15	0.2	-3.24783	-2.96706	-0.523599	1.22173	0	3.66519
4.32028	-0.1	0.15	0.2	-0.1	0.15	0.2	-3.24783	-2.96706	-0.523599	1.22173	0	3.66519
4.33056	-0.1	0.15	0.2	-0.1	0.15	0.2	-3.24783	-2.96706	-0.523599	1.22173	0	3.66519
4.34004	-0.0999999	0.15	0.2	-0.1	0.15	0.2	-3.24783	-2.96706	-0.523599	1.22173	0	3.66519
4.35055	-0.1	0.15	0.2	-0.1	0.15	0.2	-3.24783	-2.96706	-0.523599	1.22173	0	3.66519
4.36237	-0.1	0.15	0.2	-0.1	0.15	0.2	-3.24783	-2.96706	-0.523599	1.22173	0	3.66519
4.37008	-0.1	0.15	0.2	-0.1	0.15	0.2	-3.24783	-2.96706	-0.523599	1.22173	0	3.66519
4.38254	-0.1	0.15	0.2	-0.1	0.15	0.2	-3.24783	-2.96706	-0.523599	1.22173	0	3.66519
4.39015	-0.0999999	0.15	0.2	-0.1	0.15	0.2	-3.24783	-2.96706	-0.523599	1.22173	0	3.66519
4.40008	-0.1	0.15	0.2	-0.1	0.15	0.2	-3.24783	-2.96706	-0.523599	1.22173	0	3.66519
4.41015	-0.1	0.15	0.2	-0.1	0.15	0.2	-3.24783	-2.96706	-0.523599	1.22173	0	3.66519
4.42086	-0.1	0.15	0.2	-0.1	0.15	0.2	-3.24783	-2.96706	-0.523599	1.22173	0	3.66519
4.43145	-0.1	0.15	0.2	-0.1	0.15	0.2	-3.24783	-2.96706	-0.523599	1.22173	0	3.66519
4.44027	-0.1	0.15	0.2	-0.1	0.15	0.2	-3.24783	-2.96706	-0.523599	1.22173	0	3.66519
4.45018	-0.1	0.15	0.2	-0.1	0.15	0.2	-3.24783	-2.96706	-0.523599	1.22173	0	3.66519
4.46024	-0.1	0.15	0.2	-0.1	0.15	0.2	-3.24783	-2.96706	-0.523599	1.22173	0	3.66519
4.47007	-0.1	0.15	0.2	-0.1	0.15	0.2	-3.24783	-2.96706	-0.523599	1.22173	0	3.66519
4.48308	-0.0999999	0.15	0.2	-0.1	0.15	0.2	-3.24783	-2.96706	-0.523599	1.22173	0	3.66519
4.49007	-0.0999999	0.15	0.2	-0.1	0.15	0.2	-3.24783	-2.96706	-0.523599	1.22173	0	3.66519
4.50008	-0.0999999	0.15	0.2	-0.1	0.15	0.2	-3.24783	-2.96706	-0.523599	1.22173	0	3.66519
4.51013	-0.1	0.15	0.2	-0.1	0.15	0.2	-3.24783	-2.96706	-0.523599	1.22173	0	3.66519
4.52006	-0.1	0.15	0.2	-0.1	0.15	0.2	-3.24783	-2.96706	-0.523599	1.22173	0	3.66519
4.53048	-0.1	0.15	0.2	-0.1	0.15	0.2	-3.24783	-2.96706	-0.523599	1.22173	0	3.66519
4.54003	-0.0999999	0.15	0.2	-0.1	0.15	0.2	-3.24783	-2.96706	-0.523599	1.22173	0	3.66519
4.55014	-0.0999999	0.15	0.2	-0.1	0.15	0.2	-3.24783	-2.96706	-0.523599	1.22173	0	3.66519
4.56513	-0.0999999	0.15	0.2	-0.1	0.15	0.2	-3.24783	-2.96706	-0.523599	1.22173	0	3.66519
4.57006	-0.1	0.15	0.2	-0.1	0.15	0.2	-3.24783	-2.96706	-0.523599	1.22173	0	3.66519
4.58019	-0.1	0.15	0.2	-0.1	0.15	0.2	-3.24783	-2.96706	-0.523599	1.22173	0	3.66519
4.59081	-0.1	0.15	0.2	-0.1	0.15	0.2	-3.24783	-2.96706	-0.523599	1.22173	0	3.66519
4.60046	-0.1	0.15	0.2	-0.1	0.15	0.2	-3.24783	-2.96706	-0.523599	1.22173	0	3.66519
4.61005	-0.1	0.15	0.2	-0.1	0.15	0.2	-3.24783	-2.96706	-0.523599	1.22173	0	3.66519
4.62018	-0.1	0.15	0.2	-0.1	0.15	0.2	-3.24783	-2.96706	-0.523599	1.22173	0	3.66519
4.63189	-0.0999999	0.15	0.2	-0.1	0.15	0.2	-3.24783	-2.96706	-0.523599	1.22173	0	3.66519
4.64016	-0.0999999	0.15	0.2	-0.1	0.15	0.2	-3.24783	-2.96706	-0.523599	1.22173	0	3.66519
4.65215	-0.0999999	0.15	0.2	-0.1	0.15	0.2	-3.24783	-2.96706	-0.523599	1.22173	0	3.66519
4.66001	-0.0999999	0.15	0.2	-0.1	0.15	0.2	-3.24783	-2.96706	-0.523599	1.22173	0	3.66519
4.67016	-0.0999999	0.15	0.2	-0.1	0.15	0.2	-3.24783	-2.96706	-0.523599	1.22173	0	3.66519
4.68053	-0.1	0.15	0.2	-0.1	0.15	0.2	-3.24783	-2.96706	-0.523599	1.22173	0	3.66519
4.69144	-0.1	0.15	0.2	-0.1	0.15	0.2	-3.24783	-2.96706	-0.523599	1.22173	0	3.66519
4.70018	-0.1	0.15	0.2	-0.1	0.15	0.2	-3.24783	-2.96706	-0.523599	1.22173	0	3.66519
4.71002	-0.1	0.15	0.2	-0.1	0.15	0.2	-3.24783	-2.96706	-0.523599	1.22173	0	3.66519
4.72012	-0.1	0.15	0.2	-0.1	0.15	0.2	-3.24783	-2.96706	-0.523599	1.22173	0	3.66519
4.73219	-0.1	0.15	0.2	-0.1	0.15	0.2	-3.24783	-2.96706	-0.523599	1.22173	0	3.66519
4.74007	-0.1	0.15	0.2	-0.1	0.15	0.2	-3.24783	-2.96706	-0.523599	1.22173	0	3.66519
4.75022	-0.1	0.15	0.2	-0.1	0.15	0.2	-3.24783	-2.96706	-0.523599	1.22173	0	3.66519
4.76034	-0.0999997	0.15	0.2	-0.1	0.15	0.2	-3.24783	-2.96706	-0.523599	1.22173	0	3.66519
4.77004	-0.0999997	0.15	0.2	-0.1	0.15	0.2	-3.24783	-2.96706	-0.523599	1.22173	0	3.66519
4.78244	-0.0999997	0.15	0.2	-0.1	0.15	0.2	-3.24783	-2.96706	-0.523599	1.22173	0	3.66519
4.79005	-0.0999999	0.15	0.2	-0.1	0.15	0.2	-3.24783	-2.96706	-0.523599	1.22173	0	3.66519
4.80077	-0.1	0.15	0.2	-0.1	0.15	0.2	-3.24783	-2.96706	-0.523599	1.22173	0	3.66519
4.81071	-0.1	0.15	0.2	-0.1	0.15	0.2	-3.24783	-2.96706	-0.523599	1.22173	0	3.66519
4.8203	-0.1	0.15	0.2	-0.1	0.15	0.2	-3.24783	-2.96706	-0.523599	1.22173	0	3.66519
4.83002	-0.1	0.15	0.2	-0.1	0.15	0.2	-3.24783	-2.96706	-0.523599	1.22173	0	3.66519
4.84008	-0.1	0.15	0.2	-0.1	0.15	0.2	-3.24783	-2.96706	-0.523599	1.22173	0	3.66519
4.85057	-0.1	0.15	0.2	-0.1	0.15	0.2	-3.24783	-2.96706	-0.523599	1.22173	0	3.66519
4.86036	-0.1	0.15	0.2	-0.1	0.15	0.2	-3.24783	-2.96706	-0.523599	1.22173	0	3.66519
4.87013	-0.1	0.15	0.2	-0.1	0.15	0.2	-3.24783	-2.96706	-0.523599	1.22173	0	3.66519
4.88086	-0.1	0.15	0.2	-0.1	0.15	0.2	-3.24783	-2.96706	-0.523599	1.22173	0	3.66519
4.89062	-0.1	0.15	0.2	-0.1	0.15	0.2	-3.24783	-2.96706	-0.523599	1.22173	0	3.66519
4.90042	-0.0999999	0.15	0.2	-0.1	0.15	0.2	-3.24783	-2.96706	-0.523599	1.22173	0	3.66519
4.91016	-0.0999999	0.15	0.2	-0.1	0.15	0.2	-3.24783	-2.96706	-0.523599	1.22173	0	3.66519
4.92003	-0.0999999	0.15	0.2	-0.1	0.15	0.2	-3.24783	-2.96706	-0.523599	1.22173	0	3.66519
4.93068	-0.0999999	0.15	0.2	-0.1	0.15	0.2	-3.24783	-2.96706	-0.523599	1.22173	0	3.66519
4.94045	-0.0999999	0.15	0.2	-0.1	0.15	0.2	-3.24783	-2.96706	-0.523599	1.22173	0	3.66519
4.95011	-0.1	0.15	0.2	-0.1	0.15	0.2	-3.24783	-2.96706	-0.523599	1.22173	0	3.66519
4.96013	-0.1	0.15	0.2	-0.1	0.15	0.2	-3.24783	-2.96706	-0.523599	1.22173	0	3.66519
4.97013	-0.1	0.15	0.2	-0.1	0.15	0.2	-3.24783	-2.96706	-0.523599	1.22173	0	3.66519
4.98049	-0.1	0.15	0.2	-0.1	0.15	0.2	-3.24783	-2.96706	-0.523599	1.22173	0	3.66519
4.99004	-0.1	0.15	0.2	-0.1	0.15	0.2	-3.24783	-2.96706	-0.523599	1.22173	0	3.66519
5.00002	-0.1	0.15	0.2	-0.1	0.15	0.2	-3.24783	-2.96706	-0.523599	1.22173	0	3.66519
5.01001	-0.1	0.15	0.2	-0.1	0.15	0.2	-3.24783	-2.96706	-0.523599	1.22173	0	3.66519
5.02052	-0.1	0.15	0.2	-0.1	0.15	0.2	-3.24783	-2.96706	-0.523599	1.22173	0	3.66519
5.03064	-0.1	0.15	0.2	-0.1	0.15	0.2	-3.24783	-2.96706	-0.523599	1.22173	0	3.66519
5.04021	-0.1	0.15	0.2	-0.1	0.15	0.2	-3.24783	-2.96706	-0.523599	1.22173	0	3.66519
5.05011	-0.1	0.15	0.2	-0.1	0.15	0.2	-3.24783	-2.96706	-0.523599	1.22173	0	3.66519
5.06056	-0.1	0.15	0.2	-0.1	0.15	0.2	-3.24783	-2.96706	-0.523599	1.22173	0	3.66519
5.07034	-0.0999997	0.15	0.2	-0.1	0.15	0.2	-3.24783	-2.96706	-0.523599	1.22173	0	3.66519
5.08062	-0.0999999	0.15	0.2	-0.1	0.15	0.2	-3.24783	-2.96706	-0.523599	1.22173	0	3.66519
5.09011	-0.1	0.15	0.2	-0.1	0.15	0.2	-3.24783	-2.96706	-0.523599	1.22173	0	3.66519
5.10014	-0.1	0.15	0.2	-0.1	0.15	0.2	-3.24783	-2.96706	-0.523599	1.22173	0	3.66519
5.11029	-0.1	0.15	0.2	-0.1	0.15	0.2	-3.24783	-2.96706	-0.523599	1.22173	0	3.66519
5.12015	-0.1	0.15	0.2	-0.1	0.15	0.2	-3.24783	-2.96706	-0.523599	1.22173	0	3.66519
5.1309	-0.1	0.15	0.2	-0.1	0.15	0.2	-3.24783	-2.96706	-0.523599	1.22173	0	3.66519
5.14001	-0.1	0.15	0.2	-0.1	0.15	0.2	-3.24783	-2.96706	-0.523599	1.22173	0	3.66519
5.15188	-0.0999999	0.15	0.2	-0.1	0.15	0.2	-3.24783	-2.96706	-0.523599	1.22173	0	3.66519
5.16009	-0.0999999	0.15	0.2	-0.1	0.15	0.2	-3.24783	-2.96706	-0.523599	1.22173	0	3.66519
5.17019	-0.0999999	0.15	0.2	-0.1	0.15	0.2	-3.24783	-2.96706	-0.523599	1.22173	0	3.66519
5.18067	-0.0999999	0.15	0.2	-0.1	0.15	0.2	-3.24783	-2.96706	-0.523599	1.22173	0	3.66519
5.19002	-0.1	0.15	0.2	-0.1	0.15	0.2	-3.24783	-2.96706	-0.523599	1.22173	0	3.66519
5.20005	-0.1	0.15	0.2	-0.1	0.15	0.2	-3.24783	-2.96706	-0.523599	1.22173	0	3.66519
5.21096	-0.1	0.15	0.2	-0.1	0.15	0.2	-3.24783	-2.96706	-0.523599	1.22173	0	3.66519
5.22072	-0.1	0.15	0.2	-0.1	0.15	0.2	-3.24783	-2.96706	-0.523599	1.22173	0	3.66519
5.23048	-0.1	0.15	0.2	-0.1	0.15	0.2	-3.24783	-2.96706	-0.523599	1.22173	0	3.66519
5.24025	-0.1	0.15	0.2	-0.1	0.15	0.2	-3.24783	-2.96706	-0.523599	1.22173	0	3.66519
5.25063	-0.1	0.15	0.2	-0.1	0.15	0.2	-3.24783	-2.96706	-0.523599	1.22173	0	3.66519
5.26008	-0.1	0.15	0.2	-0.1	0.15	0.2	-3.24783	-2.96706	-0.523599	1.22173	0	3.66519
5.27014	-0.0999999	0.15	0.2	-0.1	0.15	0.2	-3.24783	-2.96706	-0.523599	1.22173	0	3.66519
5.28001	-0.0999999	0.15	0.2	-0.1	0.15	0.2	-3.24783	-2.96706	-0.523599	1.22173	0	3.66519
5.29008	-0.0999999	0.15	0.2	-0.1	0.15	0.2	-3.24783	-2.96706	-0.523599	1.22173	0	3.66519
5.30006	-0.1	0.15	0.2	-0.1	0.15	0.2	-3.24783	-2.96706	-0.523599	1.22173	0	3.66519
5.31011	-0.0999999	0.15	0.2	-0.1	0.15	0.2	-3.24783	-2.96706	-0.523599	1.22173	0	3.66519
5.32008	-0.0999999	0.15	0.2	-0.1	0.15	0.2	-3.24783	-2.96706	-0.523599	1.22173	0	3.66519
5.3301	-0.1	0.15	0.2	-0.1	0.15	0.2	-3.24783	-2.96706	-0.523599	1.22173	0	3.66519
5.34085	-0.1	0.15	0.2	-0.1	0.15	0.2	-3.24783	-2.96706	-0.523599	1.22173	0	3.66519
5.35107	-0.1	0.15	0.2	-0.1	0.15	0.2	-3.24783	-2.96706	-0.523599	1.22173	0	3.66519
5.36025	-0.1	0.15	0.2	-0.1	0.15	0.2	-3.24783	-2.96706	-0.523599	1.22173	0	3.66519
5.37014	-0.1	0.15	0.2	-0.1	0.15	0.2	-3.24783	-2.96706	-0.523599	1.22173	0	3.66519
5.38296	-0.1	0.15	0.2	-0.1	0.15	0.2	-3.24783	-2.96706	-0.523599	1.22173	0	3.66519
5.39065	-0.1	0.15	0.2	-0.1	0.15	0.2	-3.24783	-2.96706	-0.523599	1.22173	0	3.66519
5.40006	-0.1	0.15	0.2	-0.1	0.15	0.2	-3.24783	-2.96706	-0.523599	1.22173	0	3.66519
5.41018	-0.1	0.15	0.2	-0.1	0.15	0.2	-3.24783	-2.96706	-0.523599	1.22173	0	3.66519
5.42006	-0.0999999	0.15	0.2	-0.1	0.15	0.2	-3.24783	-2.96706	-0.523599	1.22173	0	3.66519
5.4313	-0.0999999	0.15	0.2	-0.1	0.15	0.2	-3.24783	-2.96706	-0.523599	1.22173	0	3.66519
5.44044	-0.1	0.15	0.2	-0.1	0.15	0.2	-3.24783	-2.96706	-0.523599	1.22173	0	3.66519
5.45024	-0.1	0.15	0.2	-0.1	0.15	0.2	-3.24783	-2.96706	-0.523599	1.22173	0	3.66519
5.46003	-0.1	0.15	0.2	-0.1	0.15	0.2	-3.24783	-2.96706	-0.523599	1.22173	0	3.66519
5.47072	-0.1	0.15	0.2	-0.1	0.15	0.2	-3.24783	-2.96706	-0.523599	1.22173	0	3.66519
5.48049	-0.1	0.15	0.2	-0.1	0.15	0.2	-3.24783	-2.96706	-0.523599	1.22173	0	3.66519
5.49027	-0.0999999	0.15	0.2	-0.1	0.15	0.2	-3.24783	-2.96706	-0.523599	1.22173	0	3.66519
5.50153	-0.0999999	0.15	0.2	-0.1	0.15	0.2	-3.24783	-2.96706	-0.523599	1.22173	0	3.66519
5.51003	-0.0999999	0.15	0.2	-0.1	0.15	0.2	-3.24783	-2.96706	-0.523599	1.22173	0	3.66519
5.52054	-0.0999999	0.15	0.2	-0.1	0.15	0.2	-3.24783	-2.96706	-0.523599	1.22173	0	3.66519
5.53064	-0.0999999	0.15	0.2	-0.1	0.15	0.2	-3.24783	-2.96706	-0.523599	1.22173	0	3.66519
5.54008	-0.1	0.15	0.2	-0.1	0.15	0.2	-3.24783	-2.96706	-0.523599	1.22173	0	3.66519
5.5501	-0.1	0.15	0.2	-0.1	0.15	0.2	-3.24783	-2.96706	-0.523599	1.22173	0	3.66519
5.56007	-0.1	0.15	0.2	-0.1	0.15	0.2	-3.24783	-2.96706	-0.523599	1.22173	0	3.66519
5.57012	-0.1	0.15	0.2	-0.1	0.15	0.2	-3.24783	-2.96706	-0.523599	1.22173	0	3.66519
5.58157	-0.1	0.15	0.2	-0.1	0.15	0.2	-3.24783	-2.96706	-0.523599	1.22173	0	3.66519
5.59085	-0.1	0.15	0.2	-0.1	0.15	0.2	-3.24783	-2.96706	-0.523599	1.22173	0	3.66519
5.60062	-0.1	0.15	0.2	-0.1	0.15	0.2	-3.24783	-2.96706	-0.523599	1.22173	0	3.66519
5.6104	-0.1	0.15	0.2	-0.1	0.15	0.2	-3.24783	-2.96706	-0.523599	1.22173	0	3.66519
5.6201	-0.1	0.15	0.2	-0.1	0.15	0.2	-3.24783	-2.96706	-0.523599	1.22173	0	3.66519
5.63037	-0.1	0.15	0.2	-0.1	0.15	0.2	-3.24783	-2.96706	-0.523599	1.22173	0	3.66519
5.64001	-0.1	0.15	0.2	-0.1	0.15	0.2	-3.24783	-2.96706	-0.523599	1.22173	0	3.66519
5.65042	-0.1	0.15	0.2	-0.1	0.15	0.2	-3.24783	-2.96706	-0.523599	1.22173	0	3.66519
5.66008	-0.1	0.15	0.2	-0.1	0.15	0.2	-3.24783	-2.96706	-0.523599	1.22173	0	3.66519
5.67011	-0.1	0.15	0.2	-0.1	0.15	0.2	-3.24783	-2.96706	-0.523599	1.22173	0	3.66519
5.68001	-0.1	0.15	0.2	-0.1	0.15	0.2	-3.24783	-2.96706	-0.523599	1.22173	0	3.66519
5.69047	-0.1	0.15	0.2	-0.1	0.15	0.2	-3.24783	-2.96706	-0.523599	1.22173	0	3.66519
5.70035	-0.1	0.15	0.2	-0.1	0.15	0.2	-3.24783	-2.96706	-0.523599	1.22173	0	3.66519
5.71061	-0.1	0.15	0.2	-0.1	0.15	0.2	-3.24783	-2.96706	-0.523599	1.22173	0	3.66519
5.72073	-0.1	0.15	0.2	-0.1	0.15	0.2	-3.24783	-2.96706	-0.523599	1.22173	0	3.66519
5.73038	-0.1	0.15	0.2	-0.1	0.15	0.2	-3.24783	-2.96706	-0.523599	1.22173	0	3.66519
5.74001	-0.1	0.15	0.2	-0.1	0.15	0.2	-3.24783	-2.96706	-0.523599	1.22173	0	3.66519
5.75004	-0.1	0.15	0.2	-0.1	0.15	0.2	-3.24783	-2.96706	-0.523599	1.22173	0	3.66519
5.76004	-0.1	0.15	0.2	-0.1	0.15	0.2	-3.24783	-2.96706	-0.523599	1.22173	0	3.66519
5.77179	-0.1	0.15	0.2	-0.1	0.15	0.2	-3.24783	-2.96706	-0.523599	1.22173	0	3.66519
5.78024	-0.1	0.15	0.2	-0.1	0.15	0.2	-3.24783	-2.96706	-0.523599	1.22173	0	3.66519
5.79007	-0.1	0.15	0.2	-0.1	0.15	0.2	-3.24783	-2.96706	-0.523599	1.22173	0	3.66519
5.80006	-0.1	0.15	0.2	-0.1	0.15	0.2	-3.24783	-2.96706	-0.523599	1.22173	0	3.66519
5.81083	-0.1	0.15	0.2	-0.1	0.15	0.2	-3.24783	-2.96706	-0.523599	1.22173	0	3.66519
5.82119	-0.1	0.15	0.2	-0.1	0.15	0.2	-3.24783	-2.96706	-0.523599	1.22173	0	3.66519
5.83013	-0.1	0.15	0.2	-0.1	0.15	0.2	-3.24783	-2.96706	-0.523599	1.22173	0	3.66519
5.84086	-0.1	0.15	0.2	-0.1	0.15	0.2	-3.24783	-2.96706	-0.523599	1.22173	0	3.66519
5.85065	-0.1	0.15	0.2	-0.1	0.15	0.2	-3.24783	-2.96706	-0.523599	1.22173	0	3.66519
5.86139	-0.1	0.15	0.2	-0.1	0.15	0.2	-3.24783	-2.96706	-0.523599	1.22173	0	3.66519
5.87018	-0.1	0.15	0.2	-0.1	0.15	0.2	-3.24783	-2.96706	-0.523599	1.22173	0	3.66519
5.88054	-0.1	0.15	0.2	-0.1	0.15	0.2	-3.24783	-2.96706	-0.523599	1.22173	0	3.66519
5.89066	-0.1	0.15	0.2	-0.1	0.15	0.2	-3.24783	-2.96706	-0.523599	1.22173	0	3.66519
5.90043	-0.1	0.15	0.2	-0.1	0.15	0.2	-3.24783	-2.96706	-0.523599	1.22173	0	3.66519
5.91021	-0.1	0.15	0.2	-0.1	0.15	0.2	-3.24783	-2.96706	-0.523599	1.22173	0	3.66519
5.92096	-0.1	0.15	0.2	-0.1	0.15	0.2	-3.24783	-2.96706	-0.523599	1.22173	0	3.66519
5.93012	-0.1	0.15	0.2	-0.1	0.15	0.2	-3.24783	-2.96706	-0.523599	1.22173	0	3.66519
5.94008	-0.1	0.15	0.2	-0.1	0.15	0.2	-3.24783	-2.96706	-0.523599	1.22173	0	3.66519
5.95019	-0.1	0.15	0.2	-0.1	0.15	0.2	-3.24783	-2.96706	-0.523599	1.22173	0	3.66519
5.96012	-0.1	0.15	0.2	-0.1	0.15	0.2	-3.24783	-2.96706	-0.523599	1.22173	0	3.66519
5.97062	-0.1	0.15	0.2	-0.1	0.15	0.2	-3.24783	-2.96706	-0.523599	1.22173	0	3.66519
5.98002	-0.1	0.15	0.2	-0.1	0.15	0.2	-3.24783	-2.96706	-0.523599	1.22173	0	3.66519
5.99041	-0.1	0.15	0.2	-0.1	0.15	0.2	-3.24783	-2.96706	-0.523599	1.22173	0	3.66519
6.00017	-0.1	0.15	0.2	-0.1	0.15	0.2	-3.24783	-2.96706	-0.523599	1.22173	0	3.66519
6.01044	-0.1	0.15	0.2	-0.1	0.15	0.2	-3.24783	-2.96706	-0.523599	1.22173	0	3.66519
6.02052	-0.1	0.15	0.2	-0.1	0.15	0.2	-3.24783	-2.96706	-0.523599	1.22173	0	3.66519
6.03033	-0.1	0.15	0.2	-0.1	0.15	0.2	-3.24783	-2.96706	-0.523599	1.22173	0	3.66519
6.04009	-0.1	0.15	0.2	-0.1	0.15	0.2	-3.24783	-2.96706	-0.523599	1.22173	0	3.66519
6.05075	-0.1	0.15	0.2	-0.1	0.15	0.2	-3.24783	-2.96706	-0.523599	1.22173	0	3.66519
6.06007	-0.1	0.15	0.2	-0.1	0.15	0.2	-3.24783	-2.96706	-0.523599	1.22173	0	3.66519
6.07008	-0.1	0.15	0.2	-0.1	0.15	0.2	-3.24783	-2.96706	-0.523599	1.22173	0	3.66519
6.08012	-0.1	0.15	0.2	-0.1	0.15	0.2	-3.24783	-2.96706	-0.523599	1.22173	0	3.66519
6.09004	-0.1	0.15	0.2	-0.1	0.15	0.2	-3.24783	-2.96706	-0.523599	1.22173	0	3.66519
6.10064	-0.1	0.15	0.2	-0.1	0.15	0.2	-3.24783	-2.96706	-0.523599	1.22173	0	3.66519
6.11045	-0.1	0.15	0.2	-0.1	0.15	0.2	-3.24783	-2.96706	-0.523599	1.22173	0	3.66519
6.12012	-0.1	0.15	0.2	-0.1	0.15	0.2	-3.24783	-2.96706	-0.523599	1.22173	0	3.66519
6.13026	-0.1	0.15	0.2	-0.1	0.15	0.2	-3.24783	-2.96706	-0.523599	1.22173	0	3.66519
6.14069	-0.1	0.15	0.2	-0.1	0.15	0.2	-3.24783	-2.96706	-0.523599	1.22173	0	3.66519
6.15037	-0.1	0.15	0.2	-0.1	0.15	0.2	-3.24783	-2.96706	-0.523599	1.22173	0	3.66519
6.16003	-0.1	0.15	0.2	-0.1	0.15	0.2	-3.24783	-2.96706	-0.523599	1.22173	0	3.66519
6.17097	-0.1	0.15	0.2	-0.1	0.15	0.2	-3.24783	-2.96706	-0.523599	1.22173	0	3.66519
6.18032	-0.1	0.15	0.2	-0.1	0.15	0.2	-3.24783	-2.96706	-0.523599	1.22173	0	3.66519
6.19061	-0.1	0.15	0.2	-0.1	0.15	0.2	-3.24783	-2.96706	-0.523599	1.22173	0	3.66519
6.20026	-0.1	0.15	0.2	-0.1	0.15	0.2	-3.24783	-2.96706	-0.523599	1.22173	0	3.66519
6.21101	-0.1	0.15	0.2	-0.1	0.15	0.2	-3.24783	-2.96706	-0.523599	1.22173	0	3.66519
6.22014	-0.1	0.15	0.2	-0.1	0.15	0.2	-3.24783	-2.96706	-0.523599	1.22173	0	3.66519
6.23001	-0.1	0.15	0.2	-0.1	0.15	0.2	-3.24783	-2.96706	-0.523599	1.22173	0	3.66519
6.2403	-0.1	0.15	0.2	-0.1	0.15	0.2	-3.24783	-2.96706	-0.523599	1.22173	0	3.66519
6.25033	-0.1	0.15	0.2	-0.1	0.15	0.2	-3.24783	-2.96706	-0.523599	1.22173	0	3.66519
6.26083	-0.1	0.15	0.2	-0.1	0.15	0.2	-3.24783	-2.96706	-0.523599	1.22173	0	3.66519
6.27012	-0.1	0.15	0.2	-0.1	0.15	0.2	-3.24783	-2.96706	-0.523599	1.22173	0	3.66519
6.28036	-0.1	0.15	0.2	-0.1	0.15	0.2	-3.24783	-2.96706	-0.523599	1.22173	0	3.66519
6.29049	-0.1	0.15	0.2	-0.1	0.15	0.2	-3.24783	-2.96706	-0.523599	1.22173	0	3.66519
6.3001	-0.1	0.15	0.2	-0.1	0.15	0.2	-3.24783	-2.96706	-0.523599	1.22173	0	3.66519
6.31064	-0.1	0.15	0.2	-0.1	0.15	0.2	-3.24783	-2.96706	-0.523599	1.22173	0	3.66519
6.32094	-0.1	0.15	0.2	-0.1	0.15	0.2	-3.24783	-2.96706	-0.523599	1.22173	0	3.66519
6.33241	-0.1	0.15	0.2	-0.1	0.15	0.2	-3.24783	-2.96706	-0.523599	1.22173	0	3.66519
6.34092	-0.1	0.15	0.2	-0.1	0.15	0.2	-3.24783	-2.96706	-0.523599	1.22173	0	3.66519
6.35067	-0.1	0.15	0.2	-0.1	0.15	0.2	-3.24783	-2.96706	-0.523599	1.22173	0	3.66519
6.36044	-0.1	0.15	0.2	-0.1	0.15	0.2	-3.24783	-2.96706	-0.523599	1.22173	0	3.66519
6.37048	-0.1	0.15	0.2	-0.1	0.15	0.2	-3.24783	-2.96706	-0.523599	1.22173	0	3.66519
6.38094	-0.1	0.15	0.2	-0.1	0.15	0.2	-3.24783	-2.96706	-0.523599	1.22173	0	3.66519
6.39764	-0.1	0.15	0.2	-0.1	0.15	0.2	-3.24783	-2.96706	-0.523599	1.22173	0	3.66519
6.40051	-0.1	0.15	0.2	-0.1	0.15	0.2	-3.24783	-2.96706	-0.523599	1.22173	0	3.66519
6.41028	-0.1	0.15	0.2	-0.1	0.15	0.2	-3.24783	-2.96706	-0.523599	1.22173	0	3.66519
6.42106	-0.1	0.15	0.2	-0.1	0.15	0.2	-3.24783	-2.96706	-0.523599	1.22173	0	3.66519
6.43007	-0.1	0.15	0.2	-0.1	0.15	0.2	-3.24783	-2.96706	-0.523599	1.22173	0	3.66519
6.44008	-0.1	0.15	0.2	-0.1	0.15	0.2	-3.24783	-2.96706	-0.523599	1.22173	0	3.66519
6.45008	-0.1	0.15	0.2	-0.1	0.15	0.2	-3.24783	-2.96706	-0.523599	1.22173	0	3.66519
6.46069	-0.1	0.15	0.2	-0.1	0.15	0.2	-3.24783	-2.96706	-0.523599	1.22173	0	3.66519
6.47076	-0.1	0.15	0.2	-0.1	0.15	0.2	-3.24783	-2.96706	-0.523599	1.22173	0	3.66519
6.48338	-0.1	0.15	0.2	-0.1	0.15	0.2	-3.24783	-2.96706	-0.523599	1.22173	0	3.66519
6.49043	-0.1	0.15	0.2	-0.1	0.15	0.2	-3.24783	-2.96706	-0.523599	1.22173	0	3.66519
6.50034	-0.1	0.15	0.2	-0.1	0.15	0.2	-3.24783	-2.96706	-0.523599	1.22173	0	3.66519
6.51011	-0.1	0.15	0.2	-0.1	0.15	0.2	-3.24783	-2.96706	-0.523599	1.22173	0	3.66519
6.52016	-0.1	0.15	0.2	-0.1	0.15	0.2	-3.24783	-2.96706	-0.523599	1.22173	0	3.66519
6.56699	-0.1	0.15	0.2	-0.1	0.15	0.2	-3.24783	-2.96706	-0.523599	1.22173	0	3.66519
6.5691	-0.1	0.15	0.2	-0.1	0.15	0.2	-3.24783	-2.96706	-0.523599	1.22173	0	3.66519
6.57172	-0.1	0.15	0.2	-0.1	0.15	0.2	-3.24783	-2.96706	-0.523599	1.22173	0	3.66519
6.57408	-0.1	0.15	0.2	-0.1	0.15	0.2	-3.24783	-2.96706	-0.523599	1.22173	0	3.66519
6.57651	-0.1	0.15	0.2	-0.1	0.15	0.2	-3.24783	-2.96706	-0.523599	1.22173	0	3.66519
6.58073	-0.1	0.15	0.2	-0.1	0.15	0.2	-3.24783	-2.96706	-0.523599	1.22173	0	3.66519
6.59103	-0.1	0.15	0.2	-0.1	0.15	0.2	-3.24783	-2.96706	-0.523599	1.22173	0	3.66519
6.60079	-0.1	0.15	0.2	-0.1	0.15	0.2	-3.24783	-2.96706	-0.523599	1.22173	0	3.66519
6.61079	-0.1	0.15	0.2	-0.1	0.15	0.2	-3.24783	-2.96706	-0.523599	1.22173	0	3.66519
6.62008	-0.1	0.15	0.2	-0.1	0.15	0.2	-3.24783	-2.96706	-0.523599	1.22173	0	3.66519
6.63009	-0.1	0.15	0.2	-0.1	0.15	0.2	-3.24783	-2.96706	-0.523599	1.22173	0	3.66519
6.64036	-0.1	0.15	0.2	-0.1	0.15	0.2	-3.24783	-2.96706	-0.523599	1.22173	0	3.66519
6.65254	-0.1	0.15	0.2	-0.1	0.15	0.2	-3.24783	-2.96706	-0.523599	1.22173	0	3.66519
6.66118	-0.1	0.15	0.2	-0.1	0.15	0.2	-3.24783	-2.96706	-0.523599	1.22173	0	3.66519
6.67011	-0.1	0.15	0.2	-0.1	0.15	0.2	-3.24783	-2.96706	-0.523599	1.22173	0	3.66519
6.69961	-0.1	0.15	0.2	-0.1	0.15	0.2	-3.24783	-2.96706	-0.523599	1.22173	0	3.66519
6.7016	-0.1	0.15	0.2	-0.1	0.15	0.2	-3.24783	-2.96706	-0.523599	1.22173	0	3.66519
6.70376	-0.1	0.15	0.2	-0.1	0.15	0.2	-3.24783	-2.96706	-0.523599	1.22173	0	3.66519
6.71029	-0.1	0.15	0.2	-0.1	0.15	0.2	-3.24783	-2.96706	-0.523599	1.22173	0	3.66519
6.72097	-0.1	0.15	0.2	-0.1	0.15	0.2	-3.24783	-2.96706	-0.523599	1.22173	0	3.66519
6.73038	-0.1	0.15	0.2	-0.1	0.15	0.2	-3.24783	-2.96706	-0.523599	1.22173	0	3.66519
6.74198	-0.1	0.15	0.2	-0.1	0.15	0.2	-3.24783	-2.96706	-0.523599	1.22173	0	3.66519
6.75002	-0.1	0.15	0.2	-0.1	0.15	0.2	-3.24783	-2.96706	-0.523599	1.22173	0	3.66519
6.78879	-0.1	0.15	0.2	-0.1	0.15	0.2	-3.24783	-2.96706	-0.523599	1.22173	0	3.66519
6.7914	-0.1	0.15	0.2	-0.1	0.15	0.2	-3.24783	-2.96706	-0.523599	1.22173	0	3.66519
6.79409	-0.1	0.15	0.2	-0.1	0.15	0.2	-3.24783	-2.96706	-0.523599	1.22173	0	3.66519
6.79664	-0.1	0.15	0.2	-0.1	0.15	0.2	-3.24783	-2.96706	-0.523599	1.22173	0	3.66519
6.80011	-0.1	0.15	0.2	-0.1	0.15	0.2	-3.24783	-2.96706	-0.523599	1.22173	0	3.66519
6.81085	-0.1	0.15	0.2	-0.1	0.15	0.2	-3.24783	-2.96706	-0.523599	1.22173	0	3.66519
6.82063	-0.1	0.15	0.2	-0.1	0.15	0.2	-3.24783	-2.96706	-0.523599	1.22173	0	3.66519
6.83412	-0.1	0.15	0.2	-0.1	0.15	0.2	-3.24783	-2.96706	-0.523599	1.22173	0	3.66519
6.84385	-0.1	0.15	0.2	-0.1	0.15	0.2	-3.24783	-2.96706	-0.523599	1.22173	0	3.66519
6.85012	-0.1	0.15	0.2	-0.1	0.15	0.2	-3.24783	-2.96706	-0.523599	1.22173	0	3.66519
6.86068	-0.1	0.15	0.2	-0.1	0.15	0.2	-3.24783	-2.96706	-0.523599	1.22173	0	3.66519
6.87043	-0.1	0.15	0.2	-0.1	0.15	0.2	-3.24783	-2.96706	-0.523599	1.22173	0	3.66519
6.88018	-0.1	0.15	0.2	-0.1	0.15	0.2	-3.24783	-2.96706	-0.523599	1.22173	0	3.66519
6.89095	-0.1	0.15	0.2	-0.1	0.15	0.2	-3.24783	-2.96706	-0.523599	1.22173	0	3.66519
6.90003	-0.1	0.15	0.2	-0.1	0.15	0.2	-3.24783	-2.96706	-0.523599	1.22173	0	3.66519
6.91054	-0.1	0.15	0.2	-0.1	0.15	0.2	-3.24783	-2.96706	-0.523599	1.22173	0	3.66519
6.92025	-0.1	0.15	0.2	-0.1	0.15	0.2	-3.24783	-2.96706	-0.523599	1.22173	0	3.66519
6.93022	-0.1	0.15	0.2	-0.1	0.15	0.2	-3.24783	-2.96706	-0.523599	1.22173	0	3.66519
6.94075	-0.1	0.15	0.2	-0.1	0.15	0.2	-3.24783	-2.96706	-0.523599	1.22173	0	3.66519
6.95052	-0.1	0.15	0.2	-0.1	0.15	0.2	-3.24783	-2.96706	-0.523599	1.22173	0	3.66519
6.96028	-0.1	0.15	0.2	-0.1	0.15	0.2	-3.24783	-2.96706	-0.523599	1.22173	0	3.66519
6.97004	-0.1	0.15	0.2	-0.1	0.15	0.2	-3.24783	-2.96706	-0.523599	1.22173	0	3.66519
6.98048	-0.1	0.15	0.2	-0.1	0.15	0.2	-3.24783	-2.96706	-0.523599	1.22173	0	3.66519
6.99057	-0.1	0.15	0.2	-0.1	0.15	0.2	-3.24783	-2.96706	-0.523599	1.22173	0	3.66519
7.00034	-0.1	0.15	0.2	-0.1	0.15	0.2	-3.24783	-2.96706	-0.523599	1.22173	0	3.66519
7.01037	-0.1	0.15	0.2	-0.1	0.15	0.2	-3.24783	-2.96706	-0.523599	1.22173	0	3.66519
7.02086	-0.1	0.15	0.2	-0.1	0.15	0.2	-3.24783	-2.96706	-0.523599	1.22173	0	3.66519
7.03005	-0.1	0.15	0.2	-0.1	0.15	0.2	-3.24783	-2.96706	-0.523599	1.22173	0	3.66519
7.04035	-0.1	0.15	0.2	-0.1	0.15	0.2	-3.24783	-2.96706	-0.523599	1.22173	0	3.66519
7.05107	-0.1	0.15	0.2	-0.1	0.15	0.2	-3.24783	-2.96706	-0.523599	1.22173	0	3.66519
7.06087	-0.1	0.15	0.2	-0.1	0.15	0.2	-3.24783	-2.96706	-0.523599	1.22173	0	3.66519
7.07111	-0.1	0.15	0.2	-0.1	0.15	0.2	-3.24783	-2.96706	-0.523599	1.22173	0	3.66519
7.08248	-0.1	0.15	0.2	-0.1	0.15	0.2	-3.24783	-2.96706	-0.523599	1.22173	0	3.66519
7.09048	-0.1	0.15	0.2	-0.1	0.15	0.2	-3.24783	-2.96706	-0.523599	1.22173	0	3.66519
7.10093	-0.1	0.15	0.2	-0.1	0.15	0.2	-3.24783	-2.96706	-0.523599	1.22173	0	3.66519
7.11196	-0.1	0.15	0.2	-0.1	0.15	0.2	-3.24783	-2.96706	-0.523599	1.22173	0	3.66519
7.12104	-0.1	0.15	0.2	-0.1	0.15	0.2	-3.24783	-2.96706	-0.523599	1.22173	0	3.66519
7.13217	-0.1	0.15	0.2	-0.1	0.15	0.2	-3.24783	-2.96706	-0.523599	1.22173	0	3.66519
7.14082	-0.1	0.15	0.2	-0.1	0.15	0.2	-3.24783	-2.96706	-0.523599	1.22173	0	3.66519
7.15012	-0.1	0.15	0.2	-0.1	0.15	0.2	-3.24783	-2.96706	-0.523599	1.22173	0	3.66519
7.16146	-0.1	0.15	0.2	-0.1	0.15	0.2	-3.24783	-2.96706	-0.523599	1.22173	0	3.66519
7.18365	-0.1	0.15	0.2	-0.1	0.15	0.2	-3.24783	-2.96706	-0.523599	1.22173	0	3.66519
7.1858	-0.1	0.15	0.2	-0.1	0.15	0.2	-3.24783	-2.96706	-0.523599	1.22173	0	3.66519
7.19177	-0.1	0.15	0.2	-0.1	0.15	0.2	-3.24783	-2.96706	-0.523599	1.22173	0	3.66519
7.20054	-0.1	0.15	0.2	-0.1	0.15	0.2	-3.24783	-2.96706	-0.523599	1.22173	0	3.66519
7.21228	-0.1	0.15	0.2	-0.1	0.15	0.2	-3.24783	-2.96706	-0.523599	1.22173	0	3.66519
7.22161	-0.1	0.15	0.2	-0.1	0.15	0.2	-3.24783	-2.96706	-0.523599	1.22173	0	3.66519
7.23834	-0.1	0.15	0.2	-0.1	0.15	0.2	-3.24783	-2.96706	-0.523599	1.22173	0	3.66519
7.24049	-0.1	0.15	0.2	-0.1	0.15	0.2	-3.24783	-2.96706	-0.523599	1.22173	0	3.66519
7.25256	-0.1	0.15	0.2	-0.1	0.15	0.2	-3.24783	-2.96706	-0.523599	1.22173	0	3.66519
7.26016	-0.1	0.15	0.2	-0.1	0.15	0.2	-3.24783	-2.96706	-0.523599	1.22173	0	3.66519
7.28383	-0.1	0.15	0.2	-0.1	0.15	0.2	-3.24783	-2.96706	-0.523599	1.22173	0	3.66519
7.28642	-0.1	0.15	0.2	-0.1	0.15	0.2	-3.24783	-2.96706	-0.523599	1.22173	0	3.66519
7.2904	-0.1	0.15	0.2	-0.1	0.15	0.2	-3.24783	-2.96706	-0.523599	1.22173	0	3.66519
7.30016	-0.1	0.15	0.2	-0.1	0.15	0.2	-3.24783	-2.96706	-0.523599	1.22173	0	3.66519
