0.000113503	0.286731	-5.24738e-12	0.612709	0.6	0.3	0.4	0	-0	0	0	0.1
0.0107235	0.286866	0.000118538	0.612713	0.6	0.3	0.4	0.0205748	0.0188719	-0.00695435	0.0287721	0.1
0.0204652	0.287196	0.000425961	0.612559	0.6	0.3	0.4	0.0336282	0.0315992	-0.0178749	0.0494861	0.1
0.0305255	0.287265	0.000490717	0.612522	0.6	0.3	0.4	0.0353761	0.0333023	-0.0193359	0.0522914	0.1
0.0402149	0.287976	0.00116385	0.612102	0.6	0.3	0.4	0.0471671	0.044775	-0.0291831	0.0712825	0.1
0.0500488	0.288524	0.00168449	0.611757	0.6	0.3	0.4	0.0521512	0.049619	-0.0333411	0.0793311	0.1
0.0606665	0.288789	0.00193631	0.611586	0.6	0.3	0.4	0.0538431	0.0512628	-0.0347515	0.0820647	0.1
0.0701242	0.289628	0.0027364	0.611039	0.6	0.3	0.4	0.0577555	0.0550646	-0.0380126	0.0883898	0.1
0.080042	0.290037	0.003126	0.610769	0.6	0.3	0.4	0.0590411	0.0563173	-0.0390863	0.0904722	0.1
0.0913661	0.290817	0.0038707	0.61025	0.6	0.3	0.4	0.0608764	0.0581148	-0.0406257	0.0934543	0.1
0.100034	0.291431	0.00445708	0.60984	0.6	0.3	0.4	0.0618359	0.0590612	-0.0414344	0.0950195	0.1
0.110688	0.291866	0.00487247	0.609548	0.6	0.3	0.4	0.0623833	0.0596082	-0.0419019	0.0959197	0.1
0.120437	0.292116	0.00511109	0.60938	0.6	0.3	0.4	0.0626337	0.0598597	-0.0421158	0.0963322	0.1
0.130033	0.292998	0.00595466	0.608786	0.6	0.3	0.4	0.0633255	0.0605634	-0.0427129	0.0974804	0.1
0.140325	0.293888	0.00680609	0.608185	0.6	0.3	0.4	0.063763	0.061026	-0.0431033	0.0982231	0.1
0.150889	0.294271	0.00717277	0.607926	0.6	0.3	0.4	0.0639374	0.0612001	-0.0432437	0.0985061	0.1
0.162307	0.295103	0.00796953	0.607362	0.6	0.3	0.4	0.0641184	0.0614302	-0.0434416	0.0988535	0.1
0.170064	0.295809	0.00864605	0.606884	0.6	0.3	0.4	0.0642381	0.0615794	-0.0435648	0.099078	0.1
0.18036	0.29613	0.00895444	0.606666	0.6	0.3	0.4	0.0642769	0.0616316	-0.0436076	0.0991544	0.1
0.191136	0.296967	0.00975623	0.606099	0.6	0.3	0.4	0.0643546	0.061747	-0.0437014	0.0993178	0.1
0.200471	0.297804	0.0105593	0.60553	0.6	0.3	0.4	0.0644034	0.0618335	-0.0437712	0.0994338	0.1
0.210469	0.297997	0.0107452	0.605399	0.6	0.3	0.4	0.0644094	0.0618467	-0.0437819	0.0994507	0.1
0.220143	0.29819	0.0109309	0.605267	0.6	0.3	0.4	0.0644146	0.0618597	-0.0437918	0.0994666	0.1
0.230049	0.299027	0.011735	0.604698	0.6	0.3	0.4	0.0644357	0.0619139	-0.0438338	0.0995324	0.1
0.240238	0.300188	0.0128501	0.603909	0.6	0.3	0.4	0.0644442	0.0619654	-0.0438734	0.0995873	0.1
0.250077	0.300961	0.0135939	0.603382	0.6	0.3	0.4	0.0644422	0.0619901	-0.043893	0.09961	0.1
0.260157	0.30167	0.0142758	0.602899	0.6	0.3	0.4	0.0644142	0.0619973	-0.0439047	0.0996016	0.1
0.270032	0.302314	0.0148958	0.60246	0.6	0.3	0.4	0.0644292	0.0620159	-0.0439122	0.0996262	0.1
0.280094	0.30283	0.0153917	0.602109	0.6	0.3	0.4	0.0644249	0.0620259	-0.0439201	0.0996331	0.1
0.290401	0.303538	0.0160741	0.601625	0.6	0.3	0.4	0.0644173	0.0620358	-0.0439278	0.0996377	0.1
0.300024	0.304182	0.0166947	0.601186	0.6	0.3	0.4	0.0644093	0.0620413	-0.0439322	0.0996379	0.1
0.313443	0.304569	0.0170666	0.600922	0.6	0.3	0.4	0.0644044	0.0620444	-0.0439348	0.0996379	0.1
0.320072	0.305406	0.0178736	0.600351	0.6	0.3	0.4	0.064398	0.0620549	-0.0439442	0.0996444	0.1
0.330025	0.306179	0.0186185	0.599824	0.6	0.3	0.4	0.0643984	0.0620675	-0.043954	0.0996568	0.1
0.342763	0.306951	0.0193631	0.599296	0.6	0.3	0.4	0.0643918	0.0620735	-0.0439601	0.099659	0.1
0.350765	0.307402	0.0197977	0.598989	0.6	0.3	0.4	0.0643857	0.0620737	-0.0439612	0.0996556	0.1
0.360673	0.307595	0.0199838	0.598857	0.6	0.3	0.4	0.0643829	0.0620728	-0.0439611	0.0996532	0.1
0.370088	0.308754	0.021101	0.598065	0.6	0.3	0.4	0.0643747	0.0620773	-0.0439662	0.099653	0.1
0.380126	0.309269	0.0215976	0.597713	0.6	0.3	0.4	0.0643692	0.0620761	-0.0439659	0.0996486	0.1
0.39198	0.309848	0.0221564	0.597318	0.6	0.3	0.4	0.0643654	0.0620776	-0.0439682	0.0996481	0.1
0.400389	0.310685	0.0229633	0.596746	0.6	0.3	0.4	0.0643603	0.0620788	-0.0439713	0.0996469	0.1
0.410763	0.311135	0.0233983	0.596439	0.6	0.3	0.4	0.0643568	0.0620784	-0.0439717	0.0996446	0.1
0.420048	0.311972	0.0242052	0.595867	0.6	0.3	0.4	0.0643532	0.06208	-0.043975	0.0996446	0.1
0.430521	0.312551	0.0247637	0.595471	0.6	0.3	0.4	0.0643514	0.0620812	-0.0439771	0.0996452	0.1
0.443292	0.313066	0.0252605	0.595119	0.6	0.3	0.4	0.0643481	0.0620796	-0.0439771	0.0996421	0.1
0.450029	0.313903	0.0260674	0.594547	0.6	0.3	0.4	0.0643215	0.0620716	-0.0439807	0.0996215	0.1
0.460631	0.314224	0.0263779	0.594328	0.6	0.3	0.4	0.0643198	0.0620704	-0.0439804	0.0996195	0.1
0.470018	0.314996	0.0271228	0.5938	0.6	0.3	0.4	0.0643387	0.0620762	-0.0439789	0.0996346	0.1
0.480034	0.315704	0.0278056	0.593316	0.6	0.3	0.4	0.0643392	0.0620786	-0.0439832	0.0996384	0.1
0.49033	0.316476	0.0285506	0.592789	0.6	0.3	0.4	0.064314	0.0620709	-0.0439872	0.0996191	0.1
0.50007	0.316669	0.0287367	0.592657	0.6	0.3	0.4	0.0643358	0.062077	-0.043984	0.0996356	0.1
0.512043	0.317377	0.0294193	0.592172	0.6	0.3	0.4	0.0643399	0.0620828	-0.0439907	0.0996448	0.1
0.520028	0.318406	0.030413	0.591468	0.6	0.3	0.4	0.0643365	0.06208	-0.0439915	0.0996412	0.1
0.53049	0.318985	0.0309716	0.591073	0.6	0.3	0.4	0.0643326	0.0620764	-0.0439902	0.0996358	0.1
0.540063	0.319564	0.0315303	0.590677	0.6	0.3	0.4	0.0643295	0.0620734	-0.0439891	0.0996315	0.1
0.550041	0.320079	0.0320268	0.590325	0.6	0.3	0.4	0.0643281	0.0620712	-0.043989	0.0996292	0.1
0.562021	0.320336	0.0322751	0.590149	0.6	0.3	0.4	0.0643269	0.0620697	-0.0439887	0.0996274	0.1
0.571335	0.321559	0.0334545	0.589313	0.6	0.3	0.4	0.0643301	0.0620709	-0.0439916	0.0996314	0.1
0.584574	0.322009	0.033889	0.589005	0.6	0.3	0.4	0.064329	0.0620701	-0.0439926	0.0996307	0.1
0.593661	0.322459	0.0343235	0.588698	0.6	0.3	0.4	0.0643292	0.0620703	-0.0439939	0.0996314	0.1
0.601703	0.322652	0.0345096	0.588565	0.6	0.3	0.4	0.0643274	0.0620685	-0.0439933	0.099629	0.1
0.611064	0.323167	0.0350063	0.588214	0.6	0.3	0.4	0.064326	0.0620671	-0.0439935	0.0996272	0.1
0.620578	0.323553	0.0353787	0.587949	0.6	0.3	0.4	0.0643236	0.0620649	-0.0439929	0.0996241	0.1
0.630036	0.32381	0.0356271	0.587773	0.6	0.3	0.4	0.064323	0.0620633	-0.0439929	0.0996226	0.1
0.64297	0.324903	0.0366824	0.587026	0.6	0.3	0.4	0.0643253	0.0620643	-0.0439958	0.0996261	0.1
0.650093	0.325933	0.0376748	0.586322	0.6	0.3	0.4	0.0643296	0.062068	-0.0440012	0.0996335	0.1
0.661023	0.327155	0.0388542	0.585486	0.6	0.3	0.4	0.0643306	0.062067	-0.0440032	0.0996344	0.1
0.673948	0.327991	0.0396612	0.584913	0.6	0.3	0.4	0.0643271	0.0620625	-0.0440021	0.0996289	0.1
0.680747	0.328699	0.0403438	0.58443	0.6	0.3	0.4	0.0643306	0.0620631	-0.0440039	0.0996323	0.1
0.691069	0.329278	0.0409025	0.584033	0.6	0.3	0.4	0.0643257	0.0620569	-0.0440009	0.0996239	0.1
0.701537	0.329664	0.0412749	0.58377	0.6	0.3	0.4	0.0643248	0.0620545	-0.0440003	0.0996216	0.1
0.711195	0.329985	0.0415849	0.58355	0.6	0.3	0.4	0.0643227	0.0620519	-0.0439994	0.0996183	0.1
0.720094	0.331079	0.0426399	0.582801	0.6	0.3	0.4	0.0643241	0.0620532	-0.0440029	0.0996215	0.1
0.730406	0.331594	0.0431361	0.582449	0.6	0.3	0.4	0.0643245	0.0620513	-0.0440025	0.0996204	0.1
0.745187	0.33243	0.043943	0.581877	0.6	0.3	0.4	0.0643226	0.0620489	-0.0440031	0.0996179	0.1
0.750067	0.333009	0.0445015	0.581481	0.6	0.3	0.4	0.0643221	0.0620476	-0.0440043	0.0996173	0.1
0.760735	0.333394	0.0448736	0.581217	0.6	0.3	0.4	0.064299	0.0620396	-0.0440088	0.0995994	0.1
0.770055	0.334424	0.0458663	0.580513	0.6	0.3	0.4	0.0643233	0.0620462	-0.0440067	0.0996184	0.1
0.780572	0.334874	0.0463004	0.580205	0.6	0.3	0.4	0.0643217	0.0620438	-0.0440066	0.0996157	0.1
0.791939	0.335581	0.0469836	0.579721	0.6	0.3	0.4	0.0643243	0.0620449	-0.0440085	0.0996189	0.1
0.800431	0.336418	0.0477896	0.579149	0.6	0.3	0.4	0.064322	0.0620406	-0.044008	0.0996145	0.1
0.810444	0.336932	0.048286	0.578797	0.6	0.3	0.4	0.0643204	0.0620384	-0.044008	0.0996122	0.1
0.820615	0.337704	0.0490307	0.578269	0.6	0.3	0.4	0.0643241	0.0620402	-0.0440098	0.0996165	0.1
0.830033	0.338347	0.0496507	0.577829	0.6	0.3	0.4	0.0643241	0.0620372	-0.0440089	0.0996142	0.1
0.844032	0.338862	0.0501472	0.577477	0.6	0.3	0.4	0.0643213	0.0620337	-0.0440083	0.0996099	0.1
0.85013	0.339634	0.0508917	0.576949	0.6	0.3	0.4	0.0643217	0.0620323	-0.0440092	0.0996097	0.1
0.860962	0.339955	0.0512019	0.576729	0.6	0.3	0.4	0.0643207	0.06203	-0.044008	0.0996071	0.1
0.870113	0.34092	0.0521323	0.576068	0.6	0.3	0.4	0.0643224	0.0620303	-0.0440105	0.0996095	0.1
0.880035	0.341499	0.0526905	0.575672	0.6	0.3	0.4	0.0643206	0.0620272	-0.0440106	0.0996065	0.1
0.892816	0.342335	0.0534967	0.5751	0.6	0.3	0.4	0.0643243	0.0620279	-0.0440119	0.0996099	0.1
0.900393	0.34285	0.0539929	0.574748	0.6	0.3	0.4	0.0643252	0.0620273	-0.0440124	0.0996103	0.1
0.910009	0.3433	0.0544273	0.57444	0.6	0.3	0.4	0.0643237	0.062025	-0.0440123	0.0996078	0.1
0.920068	0.344136	0.0552335	0.573867	0.6	0.3	0.4	0.0643252	0.0620241	-0.0440133	0.0996087	0.1
0.930022	0.344651	0.0557298	0.573516	0.6	0.3	0.4	0.064325	0.0620229	-0.0440133	0.0996078	0.1
0.941744	0.345101	0.0561642	0.573208	0.6	0.3	0.4	0.0643023	0.0620157	-0.0440197	0.0995915	0.1
0.950077	0.346066	0.0570943	0.572547	0.6	0.3	0.4	0.064328	0.062022	-0.0440161	0.0996104	0.1
0.963794	0.346709	0.0577146	0.572107	0.6	0.3	0.4	0.0643264	0.0620193	-0.0440161	0.0996077	0.1
0.970685	0.347353	0.0583346	0.571667	0.6	0.3	0.4	0.064331	0.062022	-0.0440179	0.0996131	0.1
0.980032	0.347867	0.0588309	0.571315	0.6	0.3	0.4	0.064332	0.0620193	-0.0440169	0.0996117	0.1
0.990136	0.348575	0.059513	0.57083	0.6	0.3	0.4	0.0643336	0.0620196	-0.0440181	0.0996135	0.1
1.00007	0.349218	0.0601331	0.570391	0.6	0.3	0.4	0.064336	0.0620191	-0.0440187	0.0996149	0.1
1.01044	0.349669	0.0605673	0.570083	0.6	0.3	0.4	0.0643368	0.0620188	-0.0440191	0.0996155	0.1
1.02037	0.350505	0.0613733	0.56951	0.6	0.3	0.4	0.0643392	0.0620177	-0.0440199	0.0996167	0.1
1.03018	0.351213	0.0620561	0.569026	0.6	0.3	0.4	0.0643458	0.0620225	-0.0440233	0.0996254	0.1
1.04049	0.351856	0.0626757	0.568586	0.6	0.3	0.4	0.064367	0.0620259	-0.0440172	0.0996385	0.1
1.05008	0.3525	0.0632964	0.568145	0.6	0.3	0.4	0.0643458	0.0620199	-0.0440249	0.0996245	0.1
1.06006	0.353079	0.0638547	0.567749	0.6	0.3	0.4	0.0643456	0.0620182	-0.0440252	0.0996235	0.1
1.07101	0.353851	0.0645989	0.567221	0.6	0.3	0.4	0.0643452	0.0620158	-0.0440259	0.099622	0.1
1.08003	0.354366	0.0650948	0.566869	0.6	0.3	0.4	0.0643489	0.0620174	-0.0440272	0.0996259	0.1
1.09033	0.354687	0.0654046	0.566649	0.6	0.3	0.4	0.0643482	0.062016	-0.0440267	0.0996244	0.1
1.10007	0.35546	0.0661491	0.56612	0.6	0.3	0.4	0.0643283	0.0620092	-0.0440335	0.0996103	0.1
1.11001	0.356296	0.0669552	0.565548	0.6	0.3	0.4	0.0643567	0.0620171	-0.0440283	0.0996313	0.1
1.12008	0.356747	0.0673897	0.565239	0.6	0.3	0.4	0.0643324	0.0620081	-0.044035	0.0996129	0.1
1.13001	0.357583	0.0681953	0.564667	0.6	0.3	0.4	0.0643592	0.0620147	-0.0440287	0.0996316	0.1
1.14003	0.358227	0.0688158	0.564227	0.6	0.3	0.4	0.0643594	0.0620137	-0.04403	0.0996317	0.1
1.1501	0.358742	0.0693118	0.563875	0.6	0.3	0.4	0.0643611	0.0620137	-0.0440312	0.0996333	0.1
1.16129	0.359321	0.0698701	0.563478	0.6	0.3	0.4	0.0643621	0.0620132	-0.0440315	0.0996338	0.1
1.17004	0.360158	0.0706762	0.562906	0.6	0.3	0.4	0.0643648	0.0620116	-0.0440311	0.0996344	0.1
1.18005	0.360673	0.0711723	0.562554	0.6	0.3	0.4	0.064367	0.0620113	-0.0440314	0.0996357	0.1
1.19008	0.361381	0.071854	0.56207	0.6	0.3	0.4	0.0643706	0.0620126	-0.0440332	0.0996397	0.1
1.20012	0.362025	0.0724742	0.561629	0.6	0.3	0.4	0.0643728	0.0620128	-0.0440346	0.0996418	0.1
1.21105	0.36254	0.0729706	0.561277	0.6	0.3	0.4	0.0643736	0.0620122	-0.0440352	0.0996422	0.1
1.22093	0.363441	0.0738388	0.56066	0.6	0.3	0.4	0.0643771	0.0620131	-0.0440366	0.0996456	0.1
1.23026	0.36402	0.0743969	0.560264	0.6	0.3	0.4	0.0643791	0.062013	-0.0440368	0.099647	0.1
1.24308	0.364278	0.0746451	0.560088	0.6	0.3	0.4	0.064381	0.0620138	-0.044038	0.0996493	0.1
1.25008	0.365115	0.0754508	0.559515	0.6	0.3	0.4	0.0643869	0.0620153	-0.0440383	0.0996541	0.1
1.26309	0.365952	0.0762571	0.558943	0.6	0.3	0.4	0.0643926	0.0620169	-0.0440402	0.0996596	0.1
1.27025	0.366596	0.0768776	0.558502	0.6	0.3	0.4	0.064395	0.0620177	-0.044041	0.099662	0.1
1.28119	0.366853	0.0771256	0.558326	0.6	0.3	0.4	0.0643943	0.0620168	-0.0440415	0.0996613	0.1
1.29001	0.367948	0.0781798	0.557578	0.6	0.3	0.4	0.0643965	0.0620148	-0.0440421	0.0996616	0.1
1.30011	0.368528	0.0787381	0.557181	0.6	0.3	0.4	0.0643942	0.0620116	-0.0440417	0.099658	0.1
1.31251	0.369365	0.0795443	0.556608	0.6	0.3	0.4	0.0644003	0.0620141	-0.0440435	0.0996642	0.1
1.3203	0.369816	0.0799781	0.5563	0.6	0.3	0.4	0.0643992	0.0620119	-0.0440442	0.0996625	0.1
1.33008	0.370331	0.0804739	0.555948	0.6	0.3	0.4	0.0644033	0.0620132	-0.0440444	0.0996662	0.1
1.34023	0.371039	0.0811564	0.555464	0.6	0.3	0.4	0.0643827	0.0620082	-0.0440536	0.0996538	0.1
1.35006	0.371812	0.0819005	0.554935	0.6	0.3	0.4	0.0644107	0.0620151	-0.0440469	0.0996731	0.1
1.3629	0.372199	0.0822728	0.554671	0.6	0.3	0.4	0.064411	0.0620135	-0.0440461	0.099672	0.1
1.37011	0.3731	0.0831407	0.554054	0.6	0.3	0.4	0.0644231	0.0620198	-0.0440484	0.0996848	0.1
1.38203	0.373422	0.0834512	0.553834	0.6	0.3	0.4	0.0644236	0.0620196	-0.0440487	0.0996851	0.1
1.39322	0.374324	0.0843192	0.553217	0.6	0.3	0.4	0.0644334	0.0620254	-0.0440513	0.0996962	0.1
1.4002	0.375033	0.0850017	0.552733	0.6	0.3	0.4	0.0644367	0.062026	-0.0440525	0.0996993	0.1
1.41004	0.37542	0.0853737	0.552468	0.6	0.3	0.4	0.0644333	0.0620225	-0.0440522	0.0996947	0.1
1.42008	0.376129	0.086056	0.551984	0.6	0.3	0.4	0.064412	0.062017	-0.0440622	0.0996819	0.1
1.43419	0.376902	0.0868003	0.551455	0.6	0.3	0.4	0.0644342	0.0620179	-0.0440523	0.0996925	0.1
1.44036	0.37761	0.0874824	0.55097	0.6	0.3	0.4	0.0644379	0.0620185	-0.0440526	0.0996953	0.1
1.45001	0.378255	0.0881026	0.55053	0.6	0.3	0.4	0.0644417	0.0620199	-0.044054	0.0996993	0.1
1.46021	0.378577	0.0884124	0.55031	0.6	0.3	0.4	0.0644402	0.062018	-0.0440541	0.0996972	0.1
1.47161	0.379608	0.0894048	0.549605	0.6	0.3	0.4	0.064463	0.0620319	-0.0440576	0.0997222	0.1
1.48041	0.380124	0.0899013	0.549252	0.6	0.3	0.4	0.0644595	0.0620289	-0.0440579	0.0997181	0.1
1.49082	0.380317	0.0900876	0.54912	0.6	0.3	0.4	0.0644586	0.062028	-0.0440582	0.0997172	0.1
1.50017	0.38122	0.0909556	0.548503	0.6	0.3	0.4	0.064475	0.0620359	-0.0440587	0.0997329	0.1
1.51396	0.381994	0.0917002	0.547974	0.6	0.3	0.4	0.0644844	0.0620411	-0.0440608	0.0997431	0.1
1.52061	0.382123	0.0918244	0.547886	0.6	0.3	0.4	0.0644827	0.06204	-0.0440608	0.0997414	0.1
1.53013	0.382574	0.0922583	0.547578	0.6	0.3	0.4	0.0644803	0.0620379	-0.0440617	0.0997389	0.1
1.54016	0.38367	0.0933133	0.546829	0.6	0.3	0.4	0.0644849	0.062039	-0.044063	0.0997431	0.1
1.55085	0.383993	0.0936236	0.546609	0.6	0.3	0.4	0.0644826	0.0620364	-0.0440632	0.0997401	0.1
1.56042	0.385282	0.0948643	0.545727	0.6	0.3	0.4	0.0644902	0.0620384	-0.0440646	0.0997469	0.1
1.57049	0.385734	0.0952986	0.545419	0.6	0.3	0.4	0.0644874	0.0620358	-0.044065	0.0997436	0.1
1.58004	0.386379	0.0959187	0.544978	0.6	0.3	0.4	0.0644898	0.0620362	-0.0440657	0.0997457	0.1
1.59044	0.387281	0.0967875	0.544361	0.6	0.3	0.4	0.0644891	0.062034	-0.0440668	0.0997444	0.1
1.60029	0.387604	0.0970974	0.544141	0.6	0.3	0.4	0.0644886	0.0620332	-0.0440668	0.0997436	0.1
1.61229	0.388249	0.0977182	0.5437	0.6	0.3	0.4	0.0644911	0.0620337	-0.044068	0.099746	0.1
1.62011	0.389152	0.0985862	0.543083	0.6	0.3	0.4	0.0644966	0.0620357	-0.0440692	0.0997514	0.1
1.63138	0.389539	0.0989587	0.542819	0.6	0.3	0.4	0.0644972	0.0620355	-0.0440695	0.0997518	0.1
1.64018	0.390119	0.0995167	0.542422	0.6	0.3	0.4	0.0644971	0.0620342	-0.04407	0.0997511	0.1
1.65005	0.390506	0.0998891	0.542158	0.6	0.3	0.4	0.0644777	0.062033	-0.0440819	0.0997431	0.1
1.66026	0.391409	0.100758	0.541541	0.6	0.3	0.4	0.0645102	0.0620408	-0.0440714	0.0997643	0.1
1.67111	0.392377	0.101688	0.54088	0.6	0.3	0.4	0.0645211	0.0620452	-0.0440718	0.0997743	0.1
1.68002	0.393022	0.102309	0.540439	0.6	0.3	0.4	0.0645217	0.0620456	-0.0440734	0.0997756	0.1
1.69003	0.393345	0.102619	0.540219	0.6	0.3	0.4	0.0645022	0.0620442	-0.0440854	0.0997674	0.1
1.70005	0.39399	0.103239	0.539778	0.6	0.3	0.4	0.064502	0.0620427	-0.0440847	0.099766	0.1
1.71108	0.394958	0.10417	0.539116	0.6	0.3	0.4	0.0645258	0.0620441	-0.0440745	0.0997779	0.1
1.72093	0.395474	0.104666	0.538764	0.6	0.3	0.4	0.0645272	0.0620442	-0.044075	0.099779	0.1
1.73005	0.395926	0.1051	0.538456	0.6	0.3	0.4	0.0645159	0.062049	-0.0440879	0.0997804	0.1
1.74009	0.396894	0.106031	0.537795	0.6	0.3	0.4	0.0645438	0.0620544	-0.0440784	0.0997976	0.1
1.75002	0.397217	0.106342	0.537574	0.6	0.3	0.4	0.0645455	0.0620555	-0.0440783	0.0997993	0.1
1.76196	0.398056	0.107148	0.537001	0.6	0.3	0.4	0.0645541	0.0620588	-0.0440794	0.0998074	0.1
1.77006	0.398895	0.107955	0.536428	0.6	0.3	0.4	0.0645592	0.062062	-0.0440803	0.099813	0.1
1.78293	0.399153	0.108203	0.536252	0.6	0.3	0.4	0.0645571	0.0620609	-0.0440808	0.0998113	0.1
1.79008	0.399993	0.109011	0.535679	0.6	0.3	0.4	0.0645636	0.0620647	-0.0440824	0.0998185	0.1
1.80002	0.400832	0.109817	0.535105	0.6	0.3	0.4	0.064567	0.0620655	-0.0440835	0.0998218	0.1
1.81157	0.40109	0.110065	0.53493	0.6	0.3	0.4	0.0645695	0.0620672	-0.0440837	0.0998245	0.1
1.82005	0.402123	0.111058	0.534224	0.6	0.3	0.4	0.0645723	0.0620683	-0.0440852	0.0998276	0.1
1.83326	0.40264	0.111555	0.533871	0.6	0.3	0.4	0.0645794	0.0620728	-0.0440864	0.0998355	0.1
1.84009	0.40335	0.112238	0.533386	0.6	0.3	0.4	0.0645787	0.0620723	-0.0440874	0.0998353	0.1
1.85201	0.403931	0.112797	0.53299	0.6	0.3	0.4	0.06458	0.0620726	-0.0440881	0.0998366	0.1
1.86058	0.404642	0.113479	0.532504	0.6	0.3	0.4	0.0645842	0.0620751	-0.0440885	0.0998411	0.1
1.87009	0.405352	0.114162	0.53202	0.6	0.3	0.4	0.0645932	0.06208	-0.0440897	0.0998504	0.1
1.88215	0.405611	0.11441	0.531843	0.6	0.3	0.4	0.0645899	0.0620775	-0.0440903	0.099847	0.1
1.89089	0.40645	0.115217	0.53127	0.6	0.3	0.4	0.0645895	0.0620774	-0.0440904	0.0998467	0.1
1.90172	0.407032	0.115776	0.530873	0.6	0.3	0.4	0.0646004	0.0620839	-0.0440915	0.0998583	0.1
1.91048	0.407871	0.116583	0.5303	0.6	0.3	0.4	0.0646069	0.0620873	-0.0440924	0.099865	0.1
1.9203	0.408517	0.117204	0.529859	0.6	0.3	0.4	0.064603	0.0620833	-0.0440917	0.0998597	0.1
1.93033	0.408841	0.117514	0.529639	0.6	0.3	0.4	0.0646025	0.0620831	-0.0440925	0.0998596	0.1
1.94049	0.40981	0.118445	0.528978	0.6	0.3	0.4	0.0646049	0.0620842	-0.0440928	0.099862	0.1
1.95028	0.410262	0.11888	0.528668	0.6	0.3	0.4	0.0645838	0.0620852	-0.0441068	0.0998551	0.1
1.96213	0.411037	0.119625	0.528139	0.6	0.3	0.4	0.064609	0.0620863	-0.0440945	0.0998667	0.1
1.97052	0.411748	0.120308	0.527654	0.6	0.3	0.4	0.0646114	0.0620883	-0.0440952	0.0998698	0.1
1.98343	0.4122	0.120743	0.527346	0.6	0.3	0.4	0.0646111	0.0620886	-0.0440959	0.0998701	0.1
1.99026	0.41304	0.12155	0.526773	0.6	0.3	0.4	0.0646181	0.0620921	-0.0440962	0.0998769	0.1
2.00003	0.413622	0.122109	0.526376	0.6	0.3	0.4	0.064623	0.0620953	-0.0440971	0.0998825	0.1
2.01215	0.414139	0.122606	0.526023	0.6	0.3	0.4	0.0646227	0.0620962	-0.0440982	0.0998833	0.1
2.02003	0.415043	0.123475	0.525405	0.6	0.3	0.4	0.0646258	0.0620973	-0.0440982	0.099886	0.1
2.03099	0.415754	0.124158	0.52492	0.6	0.3	0.4	0.0646267	0.0620998	-0.0441004	0.0998891	0.1
2.04026	0.416207	0.124593	0.524611	0.6	0.3	0.4	0.0646227	0.0620977	-0.0441013	0.0998856	0.1
2.05209	0.416465	0.124841	0.524436	0.6	0.3	0.4	0.0646218	0.0620974	-0.0441017	0.0998851	0.1
2.06006	0.417628	0.125958	0.523641	0.6	0.3	0.4	0.0646366	0.0621051	-0.0441012	0.0998992	0.1
2.07647	0.418081	0.126394	0.523333	0.6	0.3	0.4	0.0646362	0.0621056	-0.044102	0.0998996	0.1
2.0835	0.41821	0.126518	0.523244	0.6	0.3	0.4	0.0646347	0.0621043	-0.0441017	0.0998977	0.1
2.09019	0.419309	0.127574	0.522495	0.6	0.3	0.4	0.0646547	0.062118	-0.044104	0.0999202	0.1
2.10048	0.420149	0.128381	0.521922	0.6	0.3	0.4	0.0646609	0.0621223	-0.0441045	0.0999271	0.1
2.11021	0.420861	0.129065	0.521436	0.6	0.3	0.4	0.0646546	0.0621194	-0.0441057	0.0999217	0.1
2.12055	0.421507	0.129686	0.520995	0.6	0.3	0.4	0.064656	0.0621217	-0.0441062	0.0999243	0.1
2.13037	0.422089	0.130245	0.520598	0.6	0.3	0.4	0.0646531	0.0621212	-0.0441079	0.0999228	0.1
2.14017	0.422413	0.130555	0.520378	0.6	0.3	0.4	0.0646497	0.0621193	-0.0441082	0.0999196	0.1
2.15005	0.423318	0.131425	0.519761	0.6	0.3	0.4	0.0646765	0.0621349	-0.0441081	0.0999466	0.1
2.16004	0.4239	0.131985	0.519363	0.6	0.3	0.4	0.0646743	0.0621343	-0.0441084	0.0999449	0.1
2.17015	0.424611	0.132668	0.518878	0.6	0.3	0.4	0.0646811	0.0621389	-0.0441093	0.0999526	0.1
2.18101	0.425387	0.133414	0.518349	0.6	0.3	0.4	0.0646765	0.0621373	-0.0441099	0.0999489	0.1
2.19026	0.425775	0.133786	0.518084	0.6	0.3	0.4	0.0646706	0.0621345	-0.0441113	0.099944	0.1
2.20063	0.42597	0.133973	0.517952	0.6	0.3	0.4	0.0646689	0.0621337	-0.0441111	0.0999422	0.1
2.21004	0.427328	0.135278	0.517026	0.6	0.3	0.4	0.0646716	0.0621375	-0.0441123	0.0999469	0.1
2.22003	0.42778	0.135713	0.516717	0.6	0.3	0.4	0.0646651	0.0621341	-0.0441129	0.0999408	0.1
2.23026	0.428233	0.136148	0.516408	0.6	0.3	0.4	0.0646638	0.0621343	-0.0441131	0.0999402	0.1
2.24145	0.429074	0.136956	0.515835	0.6	0.3	0.4	0.0646729	0.06214	-0.044114	0.09995	0.1
2.25058	0.429526	0.13739	0.515526	0.6	0.3	0.4	0.0646733	0.0621404	-0.0441135	0.0999503	0.1
2.26037	0.430108	0.13795	0.515129	0.6	0.3	0.4	0.0646757	0.0621406	-0.0441128	0.0999517	0.1
2.27071	0.431143	0.138944	0.514422	0.6	0.3	0.4	0.064667	0.0621542	-0.044127	0.0999608	0.1
2.28058	0.431467	0.139255	0.514202	0.6	0.3	0.4	0.0646818	0.0621475	-0.0441147	0.0999607	0.1
2.29005	0.432437	0.140187	0.51354	0.6	0.3	0.4	0.0646797	0.0621467	-0.0441147	0.0999589	0.1
2.30211	0.43276	0.140497	0.51332	0.6	0.3	0.4	0.0646754	0.0621452	-0.0441154	0.0999555	0.1
2.31009	0.432954	0.140684	0.513188	0.6	0.3	0.4	0.0646751	0.0621453	-0.0441155	0.0999554	0.1
2.32005	0.433472	0.141181	0.512835	0.6	0.3	0.4	0.0646711	0.0621443	-0.0441162	0.0999526	0.1
2.33018	0.434636	0.1423	0.51204	0.6	0.3	0.4	0.0646515	0.062149	-0.0441274	0.0999478	0.1
2.3401	0.435412	0.143045	0.511511	0.6	0.3	0.4	0.0646674	0.0621432	-0.0441161	0.0999494	0.1
2.35143	0.436317	0.143915	0.510893	0.6	0.3	0.4	0.0646795	0.062154	-0.0441183	0.0999649	0.1
2.36021	0.437029	0.144599	0.510408	0.6	0.3	0.4	0.0646746	0.0621519	-0.0441182	0.0999604	0.1
2.37016	0.437287	0.144848	0.510232	0.6	0.3	0.4	0.0646541	0.062158	-0.0441309	0.0999565	0.1
2.38043	0.437934	0.145469	0.50979	0.6	0.3	0.4	0.0646724	0.0621527	-0.0441191	0.0999599	0.1
2.39057	0.438839	0.146339	0.509173	0.6	0.3	0.4	0.0646743	0.0621552	-0.0441197	0.0999629	0.1
2.40024	0.439033	0.146526	0.50904	0.6	0.3	0.4	0.064673	0.0621549	-0.04412	0.099962	0.1
2.41015	0.440133	0.147583	0.508291	0.6	0.3	0.4	0.0646851	0.0621644	-0.0441211	0.0999763	0.1
2.42003	0.440909	0.148329	0.507761	0.6	0.3	0.4	0.0646782	0.0621615	-0.0441208	0.0999699	0.1
2.43452	0.441297	0.148701	0.507496	0.6	0.3	0.4	0.0646713	0.0621593	-0.0441217	0.0999644	0.1
2.44006	0.442009	0.149385	0.507011	0.6	0.3	0.4	0.0646719	0.0621612	-0.0441223	0.0999662	0.1
2.45034	0.442526	0.149882	0.506658	0.6	0.3	0.4	0.0646751	0.0621646	-0.0441228	0.0999706	0.1
2.46103	0.443367	0.150691	0.506084	0.6	0.3	0.4	0.0646766	0.0621664	-0.0441233	0.0999729	0.1
2.47039	0.444143	0.151437	0.505555	0.6	0.3	0.4	0.0646806	0.0621706	-0.0441239	0.0999784	0.1
2.48003	0.444531	0.15181	0.50529	0.6	0.3	0.4	0.0646766	0.0621697	-0.044124	0.0999753	0.1
2.49004	0.445372	0.152618	0.504716	0.6	0.3	0.4	0.0646747	0.0621704	-0.044125	0.099975	0.1
2.50003	0.445825	0.153053	0.504408	0.6	0.3	0.4	0.0646688	0.0621685	-0.0441252	0.09997	0.1
2.51022	0.446277	0.153488	0.504098	0.6	0.3	0.4	0.0646696	0.0621696	-0.0441253	0.0999713	0.1
2.52012	0.44673	0.153924	0.50379	0.6	0.3	0.4	0.0646702	0.0621705	-0.0441254	0.0999722	0.1
2.53082	0.448023	0.155167	0.502907	0.6	0.3	0.4	0.0646836	0.0621786	-0.0441251	0.0999858	0.1
2.54096	0.448476	0.155602	0.502598	0.6	0.3	0.4	0.0646636	0.0621866	-0.0441355	0.0999825	0.1
2.55007	0.449123	0.156224	0.502157	0.6	0.3	0.4	0.0646775	0.0621781	-0.0441261	0.099982	0.1
2.56093	0.449963	0.157033	0.501583	0.6	0.3	0.4	0.0646779	0.0621802	-0.0441267	0.0999838	0.1
2.57263	0.450546	0.157592	0.501186	0.6	0.3	0.4	0.0646769	0.062181	-0.0441265	0.0999837	0.1
2.58003	0.451063	0.158089	0.500833	0.6	0.3	0.4	0.0646725	0.0621802	-0.0441273	0.0999806	0.1
2.59001	0.451904	0.158898	0.50026	0.6	0.3	0.4	0.0646637	0.0621769	-0.044127	0.0999728	0.1
2.60036	0.452227	0.159209	0.500039	0.6	0.3	0.4	0.0646604	0.0621762	-0.0441272	0.0999703	0.1
2.61045	0.453068	0.160017	0.499465	0.6	0.3	0.4	0.0646557	0.0621762	-0.0441277	0.0999674	0.1
2.6202	0.453844	0.160763	0.498936	0.6	0.3	0.4	0.064655	0.0621751	-0.0441273	0.0999661	0.1
2.63034	0.454167	0.161074	0.498715	0.6	0.3	0.4	0.064653	0.0621754	-0.0441268	0.0999648	0.1
2.64008	0.455072	0.161945	0.498098	0.6	0.3	0.4	0.0646543	0.0621765	-0.0441268	0.0999663	0.1
2.65019	0.455331	0.162193	0.497921	0.6	0.3	0.4	0.0646534	0.0621769	-0.0441274	0.0999663	0.1
2.6602	0.455977	0.162815	0.49748	0.6	0.3	0.4	0.064635	0.062188	-0.0441362	0.0999652	0.1
2.67051	0.456559	0.163375	0.497083	0.6	0.3	0.4	0.0646543	0.0621794	-0.0441275	0.0999685	0.1
2.68009	0.457723	0.164494	0.496288	0.6	0.3	0.4	0.0646508	0.0621784	-0.044127	0.0999653	0.1
2.69003	0.458046	0.164804	0.496068	0.6	0.3	0.4	0.0646459	0.0621767	-0.0441269	0.0999611	0.1
2.70004	0.458886	0.165613	0.495494	0.6	0.3	0.4	0.0646505	0.0621807	-0.0441279	0.099967	0.1
2.71057	0.459468	0.166173	0.495097	0.6	0.3	0.4	0.0646433	0.0621788	-0.0441281	0.0999613	0.1
2.72026	0.460244	0.166919	0.494567	0.6	0.3	0.4	0.0646468	0.0621817	-0.0441282	0.0999654	0.1
2.73143	0.460632	0.167292	0.494302	0.6	0.3	0.4	0.064644	0.0621813	-0.0441288	0.0999636	0.1
2.7403	0.461602	0.168224	0.493641	0.6	0.3	0.4	0.0646483	0.0621826	-0.0441285	0.099967	0.1
2.75205	0.461925	0.168536	0.49342	0.6	0.3	0.4	0.0646428	0.0621811	-0.0441283	0.0999624	0.1
2.76011	0.46283	0.169406	0.492803	0.6	0.3	0.4	0.0646376	0.0621792	-0.0441279	0.0999577	0.1
2.77024	0.463411	0.169966	0.492405	0.6	0.3	0.4	0.064628	0.0621752	-0.0441281	0.0999491	0.1
2.78037	0.463799	0.170339	0.49214	0.6	0.3	0.4	0.0646264	0.0621753	-0.044128	0.0999481	0.1
2.79048	0.464833	0.171333	0.491434	0.6	0.3	0.4	0.064627	0.062177	-0.0441284	0.0999497	0.1
2.80035	0.465415	0.171893	0.491037	0.6	0.3	0.4	0.0646183	0.0621747	-0.0441284	0.0999427	0.1
2.81521	0.465996	0.172453	0.49064	0.6	0.3	0.4	0.0646121	0.062173	-0.0441287	0.0999377	0.1
2.82003	0.466513	0.17295	0.490287	0.6	0.3	0.4	0.0645892	0.062182	-0.0441337	0.0999307	0.1
2.83026	0.467353	0.173758	0.489713	0.6	0.3	0.4	0.0646066	0.0621683	-0.0441271	0.0999305	0.1
2.84004	0.467999	0.17438	0.489272	0.6	0.3	0.4	0.0646063	0.0621684	-0.0441273	0.0999305	0.1
2.85022	0.468258	0.174629	0.489096	0.6	0.3	0.4	0.0646032	0.0621682	-0.0441276	0.0999285	0.1
2.86354	0.469162	0.175499	0.488478	0.6	0.3	0.4	0.0646108	0.062171	-0.0441277	0.0999352	0.1
2.8701	0.469421	0.175748	0.488301	0.6	0.3	0.4	0.0646078	0.0621709	-0.0441282	0.0999334	0.1
2.88008	0.470648	0.176929	0.487463	0.6	0.3	0.4	0.0646232	0.0621747	-0.044128	0.0999456	0.1
2.89017	0.47123	0.177488	0.487066	0.6	0.3	0.4	0.0646137	0.062172	-0.0441282	0.0999379	0.1
2.90009	0.471876	0.17811	0.486624	0.6	0.3	0.4	0.0645998	0.0621679	-0.044128	0.0999262	0.1
2.91001	0.472587	0.178794	0.486139	0.6	0.3	0.4	0.0645938	0.0621656	-0.0441277	0.0999208	0.1
2.92011	0.473168	0.179353	0.485742	0.6	0.3	0.4	0.0645846	0.0621629	-0.0441281	0.0999134	0.1
2.93149	0.473943	0.1801	0.485212	0.6	0.3	0.4	0.0645919	0.0621638	-0.0441279	0.0999186	0.1
2.94003	0.474524	0.180659	0.484815	0.6	0.3	0.4	0.0645845	0.0621614	-0.0441278	0.0999122	0.1
2.95003	0.47517	0.181281	0.484374	0.6	0.3	0.4	0.0645789	0.0621588	-0.0441278	0.099907	0.1
2.96045	0.475751	0.181839	0.483977	0.6	0.3	0.4	0.0645746	0.0621558	-0.0441272	0.0999021	0.1
2.97073	0.476397	0.182461	0.483535	0.6	0.3	0.4	0.0645768	0.0621553	-0.0441271	0.0999032	0.1
2.98075	0.47672	0.182772	0.483315	0.6	0.3	0.4	0.0645765	0.0621529	-0.0441268	0.0999013	0.1
2.99001	0.477107	0.183145	0.48305	0.6	0.3	0.4	0.0645733	0.0621519	-0.0441274	0.0998989	0.1
3.00081	0.478205	0.184202	0.4823	0.6	0.3	0.4	0.0645727	0.0621485	-0.0441266	0.0998961	0.1
3.01075	0.478399	0.184388	0.482167	0.6	0.3	0.4	0.0645721	0.0621479	-0.0441263	0.0998952	0.1
3.02009	0.479173	0.185134	0.481638	0.6	0.3	0.4	0.0645714	0.0621455	-0.0441266	0.0998933	0.1
3.03008	0.480271	0.18619	0.480888	0.6	0.3	0.4	0.0645834	0.0621432	-0.0441265	0.0998997	0.1
3.04045	0.480917	0.186812	0.480446	0.6	0.3	0.4	0.0645792	0.0621418	-0.0441263	0.099896	0.1
3.0502	0.481369	0.187247	0.480138	0.6	0.3	0.4	0.06457	0.0621385	-0.0441267	0.0998881	0.1
3.06317	0.482015	0.187868	0.479696	0.6	0.3	0.4	0.0645781	0.0621375	-0.0441261	0.0998925	0.1
3.07005	0.482919	0.188738	0.479079	0.6	0.3	0.4	0.0645739	0.0621321	-0.0441263	0.0998866	0.1
3.08203	0.483371	0.189173	0.47877	0.6	0.3	0.4	0.0645704	0.0621308	-0.0441261	0.0998834	0.1
3.0901	0.484081	0.189856	0.478284	0.6	0.3	0.4	0.0645646	0.0621278	-0.0441263	0.0998778	0.1
3.10061	0.484404	0.190167	0.478064	0.6	0.3	0.4	0.0645695	0.0621265	-0.0441258	0.09988	0.1
3.11087	0.485437	0.191161	0.477358	0.6	0.3	0.4	0.0645685	0.0621206	-0.0441258	0.0998756	0.1
3.12007	0.486147	0.191844	0.476872	0.6	0.3	0.4	0.0645612	0.0621175	-0.0441256	0.0998689	0.1
3.13004	0.48647	0.192155	0.476652	0.6	0.3	0.4	0.0645589	0.0621166	-0.044126	0.099867	0.1
3.14007	0.487438	0.193087	0.47599	0.6	0.3	0.4	0.0645591	0.0621113	-0.0441253	0.0998636	0.1
3.15032	0.487826	0.193459	0.475725	0.6	0.3	0.4	0.0645537	0.0621089	-0.0441259	0.0998588	0.1
3.16011	0.488471	0.19408	0.475284	0.6	0.3	0.4	0.0645581	0.0621051	-0.0441253	0.0998591	0.1
3.17012	0.489181	0.194764	0.474798	0.6	0.3	0.4	0.0645598	0.0621013	-0.0441258	0.099858	0.1
3.18039	0.489827	0.195384	0.474357	0.6	0.3	0.4	0.0645611	0.0620972	-0.0441255	0.0998562	0.1
3.19019	0.490602	0.196129	0.473828	0.6	0.3	0.4	0.0645644	0.0620922	-0.0441256	0.0998553	0.1
3.20154	0.490925	0.19644	0.473607	0.6	0.3	0.4	0.06456	0.0620903	-0.0441255	0.0998512	0.1
3.21103	0.491699	0.197185	0.473077	0.6	0.3	0.4	0.0645719	0.0620846	-0.0441258	0.0998555	0.1
3.22012	0.492539	0.197992	0.472504	0.6	0.3	0.4	0.0645783	0.0620786	-0.0441257	0.0998558	0.1
3.2306	0.493185	0.198613	0.472063	0.6	0.3	0.4	0.0645752	0.0620742	-0.0441261	0.0998512	0.1
3.2404	0.49383	0.199234	0.471621	0.6	0.3	0.4	0.064569	0.0620709	-0.0441261	0.0998452	0.1
3.25013	0.494153	0.199544	0.471401	0.6	0.3	0.4	0.0645667	0.0620693	-0.0441258	0.0998426	0.1
3.26005	0.495122	0.200475	0.470739	0.6	0.3	0.4	0.0645736	0.0620591	-0.0441257	0.0998407	0.1
3.27097	0.495832	0.201157	0.470253	0.6	0.3	0.4	0.064583	0.0620533	-0.0441261	0.0998434	0.1
3.28159	0.496219	0.20153	0.469989	0.6	0.3	0.4	0.0645797	0.0620515	-0.0441264	0.0998403	0.1
3.29066	0.497059	0.202337	0.469415	0.6	0.3	0.4	0.0645897	0.062045	-0.0441268	0.0998428	0.1
3.30063	0.49777	0.203019	0.468929	0.6	0.3	0.4	0.0645907	0.0620408	-0.0441271	0.099841	0.1
3.31041	0.498416	0.203639	0.468489	0.6	0.3	0.4	0.0646016	0.0620349	-0.0441272	0.0998444	0.1
3.32009	0.498932	0.204136	0.468136	0.6	0.3	0.4	0.0646033	0.0620314	-0.0441272	0.0998433	0.1
3.33002	0.499708	0.20488	0.467606	0.6	0.3	0.4	0.0645837	0.062043	-0.0441293	0.0998388	0.1
3.34003	0.500031	0.20519	0.467386	0.6	0.3	0.4	0.0645837	0.06204	-0.0441294	0.099837	0.1
3.35078	0.500612	0.205748	0.466988	0.6	0.3	0.4	0.0646262	0.0620124	-0.0441281	0.0998468	0.1
3.36008	0.501581	0.206679	0.466326	0.6	0.3	0.4	0.0646293	0.0620061	-0.0441285	0.099845	0.1
3.3701	0.502293	0.207361	0.465841	0.6	0.3	0.4	0.0646342	0.0620013	-0.0441294	0.0998456	0.1
3.38389	0.503133	0.208166	0.465267	0.6	0.3	0.4	0.0646665	0.0619898	-0.0441309	0.09986	0.1
3.39013	0.503586	0.208601	0.464958	0.6	0.3	0.4	0.0646672	0.0619871	-0.0441311	0.0998589	0.1
3.40406	0.503844	0.208848	0.464781	0.6	0.3	0.4	0.0646651	0.061986	-0.0441308	0.0998567	0.1
3.41045	0.504814	0.209778	0.46412	0.6	0.3	0.4	0.0646861	0.061974	-0.0441315	0.0998632	0.1
3.42036	0.505332	0.210274	0.463766	0.6	0.3	0.4	0.0646897	0.0619706	-0.0441319	0.0998636	0.1
3.43196	0.506238	0.211141	0.463149	0.6	0.3	0.4	0.0647154	0.0619614	-0.0441342	0.0998755	0.1
3.44035	0.506755	0.211637	0.462796	0.6	0.3	0.4	0.0647178	0.0619584	-0.0441343	0.0998753	0.1
3.45014	0.507467	0.212319	0.46231	0.6	0.3	0.4	0.064723	0.0619539	-0.0441347	0.099876	0.1
3.46001	0.50805	0.212876	0.461913	0.6	0.3	0.4	0.0647304	0.0619494	-0.044135	0.0998782	0.1
3.47007	0.508568	0.213371	0.46156	0.6	0.3	0.4	0.0647229	0.0619606	-0.0441438	0.0998841	0.1
3.48082	0.50928	0.214053	0.461075	0.6	0.3	0.4	0.0647596	0.0619351	-0.0441355	0.0998885	0.1
3.49016	0.509992	0.214734	0.460589	0.6	0.3	0.4	0.0647785	0.0619281	-0.0441369	0.0998971	0.1
3.50007	0.510705	0.215416	0.460103	0.6	0.3	0.4	0.0647923	0.061923	-0.044138	0.0999032	0.1
3.51004	0.511353	0.216034	0.459662	0.6	0.3	0.4	0.064794	0.0619323	-0.044151	0.0999159	0.1
3.52069	0.511943	0.216598	0.45926	0.6	0.3	0.4	0.0648362	0.0619071	-0.0441394	0.0999226	0.1
3.53029	0.512656	0.217279	0.458775	0.6	0.3	0.4	0.0648521	0.061902	-0.0441407	0.0999303	0.1
3.54007	0.51311	0.217712	0.458466	0.6	0.3	0.4	0.0648631	0.0618984	-0.0441415	0.0999355	0.1
3.55154	0.51337	0.21796	0.458289	0.6	0.3	0.4	0.0648731	0.0618955	-0.044142	0.0999404	0.1
3.56094	0.514603	0.219135	0.45745	0.6	0.3	0.4	0.0649565	0.0618728	-0.0441476	0.099983	0.1
3.5707	0.515253	0.219754	0.457009	0.6	0.3	0.4	0.0649649	0.0618702	-0.0441477	0.0999869	0.1
3.58059	0.515708	0.220187	0.4567	0.6	0.3	0.4	0.0649709	0.0618689	-0.0441481	0.0999902	0.1
3.59052	0.515967	0.220435	0.456524	0.6	0.3	0.4	0.064977	0.0618664	-0.0441477	0.0999924	0.1
3.60014	0.517203	0.22161	0.455685	0.6	0.3	0.4	0.0650343	0.0618531	-0.0441512	0.100023	0.1
3.61022	0.517853	0.222229	0.455243	0.6	0.3	0.4	0.0650482	0.06185	-0.0441516	0.10003	0.1
3.62002	0.518504	0.222847	0.454802	0.6	0.3	0.4	0.065113	0.061835	-0.0441558	0.100065	0.1
3.63057	0.51909	0.223404	0.454404	0.6	0.3	0.4	0.0651231	0.0618338	-0.0441565	0.100071	0.1
3.64028	0.519611	0.223898	0.454051	0.6	0.3	0.4	0.0651368	0.0618312	-0.0441565	0.100078	0.1
3.6512	0.520002	0.224269	0.453786	0.6	0.3	0.4	0.0651369	0.0618457	-0.0441884	0.100102	0.1
3.66001	0.521109	0.22532	0.453035	0.6	0.3	0.4	0.0651913	0.0618231	-0.0441595	0.10011	0.1
3.67023	0.521762	0.225938	0.452594	0.6	0.3	0.4	0.0652161	0.0618191	-0.0441605	0.100124	0.1
3.68217	0.522218	0.226371	0.452284	0.6	0.3	0.4	0.0652356	0.0618163	-0.0441608	0.100135	0.1
3.69003	0.523001	0.227113	0.451754	0.6	0.3	0.4	0.0652683	0.0618109	-0.0441598	0.100153	0.1
3.70018	0.523328	0.227422	0.451534	0.6	0.3	0.4	0.0652821	0.0618091	-0.0441609	0.100161	0.1
3.71012	0.524372	0.228411	0.450827	0.6	0.3	0.4	0.0653382	0.0618008	-0.0441604	0.100193	0.1
3.72011	0.525026	0.229029	0.450386	0.6	0.3	0.4	0.0653684	0.0617974	-0.0441623	0.100211	0.1
3.73016	0.525157	0.229153	0.450297	0.6	0.3	0.4	0.0653697	0.0617982	-0.0441624	0.100212	0.1
3.74018	0.52581	0.229771	0.449855	0.6	0.3	0.4	0.0653942	0.0617962	-0.0441637	0.100228	0.1
3.75052	0.526923	0.230821	0.449105	0.6	0.3	0.4	0.0654541	0.0617903	-0.0441659	0.100264	0.1
3.76004	0.52725	0.23113	0.448884	0.6	0.3	0.4	0.0654684	0.0617896	-0.0441671	0.100274	0.1
3.7701	0.528298	0.232119	0.448177	0.6	0.3	0.4	0.0655226	0.0617979	-0.0442151	0.100335	0.1
3.78042	0.528888	0.232675	0.44778	0.6	0.3	0.4	0.0655574	0.0617824	-0.0441695	0.100328	0.1
3.7904	0.529347	0.233107	0.447471	0.6	0.3	0.4	0.0655717	0.0617828	-0.0441695	0.100338	0.1
3.80046	0.529937	0.233663	0.447073	0.6	0.3	0.4	0.0655932	0.0617833	-0.0441696	0.100352	0.1
3.81003	0.530922	0.23459	0.446411	0.6	0.3	0.4	0.0656329	0.0617959	-0.0442225	0.100409	0.1
3.82023	0.531184	0.234837	0.446234	0.6	0.3	0.4	0.0656385	0.0617954	-0.0442184	0.100411	0.1
3.83218	0.532038	0.23564	0.44566	0.6	0.3	0.4	0.065687	0.0617803	-0.0441625	0.100409	0.1
3.84002	0.532892	0.236443	0.445085	0.6	0.3	0.4	0.0657205	0.0617812	-0.0441602	0.10043	0.1
3.85041	0.533352	0.236876	0.444777	0.6	0.3	0.4	0.0657297	0.0617832	-0.0441606	0.100438	0.1
3.86014	0.534207	0.237679	0.444202	0.6	0.3	0.4	0.0657662	0.0617847	-0.0441621	0.100463	0.1
3.87298	0.534799	0.238235	0.443805	0.6	0.3	0.4	0.0658005	0.0617853	-0.0441674	0.100488	0.1
3.88015	0.534996	0.23842	0.443672	0.6	0.3	0.4	0.0658065	0.0617863	-0.0441675	0.100493	0.1
3.89053	0.536181	0.239533	0.442877	0.6	0.3	0.4	0.0658655	0.0617888	-0.0441716	0.100535	0.1
3.90038	0.536774	0.240089	0.44248	0.6	0.3	0.4	0.0658772	0.0617926	-0.044171	0.100544	0.1
3.91011	0.537367	0.240645	0.442082	0.6	0.3	0.4	0.0658876	0.0617963	-0.04417	0.100553	0.1
3.92013	0.538158	0.241386	0.441552	0.6	0.3	0.4	0.0659236	0.061799	-0.0441714	0.100579	0.1
3.93031	0.538817	0.242005	0.441111	0.6	0.3	0.4	0.0659226	0.0618051	-0.0441686	0.100581	0.1
3.94051	0.539476	0.242622	0.440669	0.6	0.3	0.4	0.0659332	0.06181	-0.0441672	0.10059	0.1
3.95001	0.539872	0.242993	0.440404	0.6	0.3	0.4	0.06594	0.0618118	-0.0441643	0.100595	0.1
3.96019	0.540729	0.243797	0.43983	0.6	0.3	0.4	0.0659545	0.0618185	-0.0441632	0.100608	0.1
3.97009	0.541389	0.244415	0.439388	0.6	0.3	0.4	0.0659683	0.0618236	-0.0441625	0.10062	0.1
3.98214	0.541917	0.24491	0.439035	0.6	0.3	0.4	0.0659782	0.0618272	-0.0441616	0.100628	0.1
3.99044	0.542643	0.24559	0.438549	0.6	0.3	0.4	0.0659941	0.0618309	-0.0441523	0.100636	0.1
4.00092	0.543435	0.246332	0.438019	0.6	0.3	0.4	0.0660257	0.0618362	-0.044153	0.100661	0.1
4.01001	0.544029	0.246889	0.437622	0.6	0.3	0.4	0.0660284	0.0618426	-0.0441548	0.100667	0.1
4.02073	0.544491	0.247322	0.437313	0.6	0.3	0.4	0.0660281	0.0618467	-0.0441539	0.100669	0.1
4.03123	0.544953	0.247755	0.437004	0.6	0.3	0.4	0.0660486	0.0618509	-0.0441557	0.100686	0.1
4.0407	0.54601	0.248744	0.436297	0.6	0.3	0.4	0.0660668	0.0618578	-0.0441438	0.100697	0.1
4.05142	0.546473	0.249177	0.435988	0.6	0.3	0.4	0.0660574	0.0618626	-0.0441404	0.100692	0.1
4.06002	0.547331	0.249982	0.435414	0.6	0.3	0.4	0.0660638	0.061872	-0.0441425	0.100703	0.1
4.07314	0.547661	0.250291	0.435194	0.6	0.3	0.4	0.0660559	0.0618754	-0.0441418	0.1007	0.1
4.08154	0.548587	0.251157	0.434576	0.6	0.3	0.4	0.0660664	0.0618847	-0.0441391	0.100711	0.1
4.09007	0.548983	0.251529	0.434311	0.6	0.3	0.4	0.0660591	0.0618896	-0.0441393	0.10071	0.1
4.1021	0.54971	0.252209	0.433825	0.6	0.3	0.4	0.0660665	0.0618971	-0.0441419	0.10072	0.1
4.11497	0.550503	0.252952	0.433296	0.6	0.3	0.4	0.0660683	0.0619045	-0.0441341	0.100722	0.1
4.12014	0.551295	0.253694	0.432766	0.6	0.3	0.4	0.0660495	0.0619138	-0.0441346	0.100716	0.1
4.13265	0.551889	0.254252	0.432369	0.6	0.3	0.4	0.0660292	0.0619207	-0.0441327	0.100706	0.1
4.14016	0.552682	0.254995	0.431839	0.6	0.3	0.4	0.0660139	0.0619276	-0.0441232	0.100696	0.1
4.1501	0.553276	0.255553	0.431442	0.6	0.3	0.4	0.0659969	0.0619341	-0.0441199	0.100688	0.1
4.16019	0.554001	0.256234	0.430957	0.6	0.3	0.4	0.0659882	0.0619422	-0.0441191	0.100686	0.1
4.17018	0.554595	0.256791	0.43056	0.6	0.3	0.4	0.0659708	0.0619489	-0.0441212	0.10068	0.1
4.18233	0.554925	0.257101	0.430339	0.6	0.3	0.4	0.0659608	0.0619534	-0.0441202	0.100676	0.1
4.19046	0.555915	0.258031	0.429677	0.6	0.3	0.4	0.0659596	0.0619635	-0.0441149	0.100679	0.1
4.2003	0.556508	0.258589	0.42928	0.6	0.3	0.4	0.0659343	0.0619818	-0.0441776	0.100701	0.1
4.21008	0.556508	0.258589	0.42928	0.6	0.3	0.4	0.0659414	0.0619697	-0.0441133	0.10067	0.1
4.22027	0.556508	0.258589	0.42928	0.6	0.3	0.4	0.0659414	0.0619697	-0.0441133	0.10067	0.1
4.23126	0.556904	0.25896	0.429016	0.6	0.3	0.4	0.0659619	0.0619767	-0.0441244	0.100693	0.1
4.24014	0.558421	0.260386	0.428001	0.6	0.3	0.4	0.0659341	0.0619909	-0.0441073	0.100676	0.1
4.25278	0.559871	0.26175	0.427031	0.6	0.3	0.4	0.0659058	0.0620063	-0.0441014	0.100664	0.1
4.26042	0.56053	0.26237	0.42659	0.6	0.3	0.4	0.0658887	0.0620138	-0.0441051	0.100659	0.1
4.27148	0.560991	0.262804	0.426281	0.6	0.3	0.4	0.0658692	0.0620184	-0.0441022	0.100648	0.1
4.28255	0.561782	0.263548	0.425751	0.6	0.3	0.4	0.0658621	0.0620288	-0.0441079	0.100652	0.1
4.29004	0.56244	0.264168	0.42531	0.6	0.3	0.4	0.0658377	0.0620362	-0.0441084	0.100641	0.1
4.30094	0.562835	0.264541	0.425046	0.6	0.3	0.4	0.0658249	0.0620401	-0.0441087	0.100635	0.1
4.31011	0.563822	0.265472	0.424385	0.6	0.3	0.4	0.0657852	0.0620623	-0.044163	0.100647	0.1
4.32197	0.564217	0.265844	0.42412	0.6	0.3	0.4	0.0657769	0.0620537	-0.0441016	0.100609	0.1
4.33056	0.56494	0.266526	0.423635	0.6	0.3	0.4	0.0657477	0.0620609	-0.0440973	0.100593	0.1
4.34007	0.565729	0.267271	0.423106	0.6	0.3	0.4	0.0657384	0.0620713	-0.0441013	0.100595	0.1
4.35164	0.566321	0.26783	0.422708	0.6	0.3	0.4	0.0657191	0.0620763	-0.0440975	0.100584	0.1
4.36054	0.566978	0.26845	0.422268	0.6	0.3	0.4	0.0657337	0.062088	-0.044105	0.100604	0.1
4.37025	0.567504	0.268947	0.421914	0.6	0.3	0.4	0.0657161	0.0620926	-0.0440981	0.100592	0.1
4.38158	0.568555	0.269941	0.421209	0.6	0.3	0.4	0.0656825	0.0621034	-0.0440964	0.100576	0.1
4.39046	0.568949	0.270314	0.420944	0.6	0.3	0.4	0.0656598	0.0621064	-0.0440944	0.100562	0.1
4.40009	0.569474	0.270811	0.420592	0.6	0.3	0.4	0.0656383	0.0621104	-0.044088	0.100548	0.1
4.41115	0.570393	0.27168	0.419975	0.6	0.3	0.4	0.0656117	0.0621197	-0.0440836	0.100534	0.1
4.42586	0.571049	0.272301	0.419533	0.6	0.3	0.4	0.0655841	0.0621266	-0.0440839	0.100521	0.1
4.4325	0.571311	0.27255	0.419357	0.6	0.3	0.4	0.0655745	0.062129	-0.0440845	0.100516	0.1
4.44005	0.57236	0.273544	0.418652	0.6	0.3	0.4	0.0655412	0.0621404	-0.0440823	0.1005	0.1
4.45104	0.572884	0.274041	0.418299	0.6	0.3	0.4	0.0655229	0.0621456	-0.0440817	0.100491	0.1
4.46035	0.57367	0.274787	0.417771	0.6	0.3	0.4	0.0654944	0.0621524	-0.0440747	0.100474	0.1
4.47005	0.574194	0.275284	0.417418	0.6	0.3	0.4	0.065477	0.0621581	-0.0440748	0.100466	0.1
4.48004	0.575045	0.276092	0.416845	0.6	0.3	0.4	0.0654622	0.0621687	-0.044074	0.100463	0.1
4.49046	0.575635	0.276651	0.416448	0.6	0.3	0.4	0.0654407	0.062174	-0.0440702	0.10045	0.1
4.5029	0.576027	0.277025	0.416184	0.6	0.3	0.4	0.065426	0.0621778	-0.0440693	0.100443	0.1
4.51083	0.57642	0.277398	0.415919	0.6	0.3	0.4	0.065424	0.0621839	-0.0440708	0.100446	0.1
4.52194	0.576747	0.277708	0.415699	0.6	0.3	0.4	0.0654149	0.0621875	-0.0440703	0.100442	0.1
4.5301	0.577924	0.278829	0.414906	0.6	0.3	0.4	0.0653889	0.0622016	-0.0440666	0.100432	0.1
4.5401	0.578708	0.279575	0.414377	0.6	0.3	0.4	0.0653877	0.0622138	-0.0440697	0.10044	0.1
4.55137	0.579297	0.280135	0.41398	0.6	0.3	0.4	0.0653652	0.0622305	-0.044117	0.100457	0.1
4.56017	0.580277	0.281068	0.413319	0.6	0.3	0.4	0.0653281	0.06224	-0.0441085	0.100435	0.1
4.57002	0.580539	0.281317	0.413144	0.6	0.3	0.4	0.0653278	0.0622332	-0.0440578	0.100408	0.1
4.58257	0.581519	0.282251	0.412482	0.6	0.3	0.4	0.0652991	0.062245	-0.0440527	0.100394	0.1
4.59027	0.582172	0.282873	0.412042	0.6	0.3	0.4	0.0652859	0.0622538	-0.0440496	0.10039	0.1
4.60133	0.582563	0.283246	0.411778	0.6	0.3	0.4	0.0652664	0.0622576	-0.0440469	0.100378	0.1
4.61004	0.583542	0.284181	0.411117	0.6	0.3	0.4	0.0652342	0.0622696	-0.0440404	0.100362	0.1
4.62129	0.584064	0.284679	0.410765	0.6	0.3	0.4	0.0652208	0.0622764	-0.0440368	0.100356	0.1
4.63009	0.584716	0.285302	0.410324	0.6	0.3	0.4	0.0652491	0.0622941	-0.0440445	0.100389	0.1
4.64006	0.585368	0.285925	0.409884	0.6	0.3	0.4	0.0652323	0.062304	-0.0440414	0.100383	0.1
4.65011	0.586151	0.286672	0.409356	0.6	0.3	0.4	0.0652052	0.0623142	-0.0440334	0.100368	0.1
4.66062	0.586803	0.287296	0.408915	0.6	0.3	0.4	0.0652038	0.0623278	-0.044033	0.100375	0.1
4.67108	0.586999	0.287482	0.408783	0.6	0.3	0.4	0.0651912	0.0623298	-0.0440304	0.100367	0.1
4.68409	0.588041	0.28848	0.408079	0.6	0.3	0.4	0.0651625	0.0623466	-0.0440201	0.100354	0.1
4.69019	0.588758	0.289166	0.407595	0.6	0.3	0.4	0.0651361	0.062358	-0.0440129	0.100341	0.1
4.70094	0.589149	0.28954	0.40733	0.6	0.3	0.4	0.0651157	0.0623636	-0.0440074	0.100329	0.1
4.7107	0.589996	0.290351	0.406759	0.6	0.3	0.4	0.0651037	0.0623824	-0.0439993	0.100329	0.1
4.72322	0.590191	0.290538	0.406626	0.6	0.3	0.4	0.0650921	0.0623851	-0.043996	0.100322	0.1
4.73012	0.591163	0.29147	0.405969	0.6	0.3	0.4	0.0614425	0.0589073	-0.0415309	0.0947105	0.1
4.74002	0.591601	0.29189	0.405673	0.6	0.3	0.4	0.048583	0.046529	-0.0328394	0.0748577	0.1
4.75127	0.592057	0.292327	0.405364	0.6	0.3	0.4	0.035199	0.0336671	-0.0237913	0.0542076	0.1
4.76028	0.592438	0.292691	0.405107	0.6	0.3	0.4	0.0240653	0.0229963	-0.0162618	0.0370461	0.1
4.77002	0.592529	0.292777	0.405046	0.6	0.3	0.4	0.021446	0.0204926	-0.0144911	0.0330132	0.1
4.78051	0.592789	0.293026	0.40487	0.6	0.3	0.4	0.0137786	0.0131701	-0.00930649	0.0212111	0.1
4.79002	0.592928	0.293159	0.404776	0.6	0.3	0.4	0.00964212	0.00922854	-0.00651185	0.0148506	0.1
4.80003	0.593011	0.293239	0.40472	0.6	0.3	0.4	0.00721954	0.00692404	-0.00487792	0.0111292	0.1
4.81003	0.593068	0.293294	0.404681	0.6	0.3	0.4	0.00554723	0.00533222	-0.00375035	0.00855976	0.1
4.82022	0.593117	0.29334	0.404648	0.6	0.3	0.4	0.00413207	0.0039845	-0.00279665	0.00638525	0.1
4.8342	0.593153	0.293375	0.404624	0.6	0.3	0.4	0.00308361	0.00298345	-0.0020908	0.00477295	0.1
4.84005	0.593174	0.293396	0.404609	0.6	0.3	0.4	0.00244066	0.00236766	-0.00165641	0.00378237	0.1
4.85003	0.593199	0.29342	0.404593	0.6	0.3	0.4	0.00171665	0.00167073	-0.00116747	0.00266481	0.1
4.86037	0.593207	0.293428	0.404588	0.6	0.3	0.4	0.00148388	0.00144542	-0.0010104	0.00230479	0.1
4.87014	0.593223	0.293444	0.404576	0.6	0.3	0.4	0.00104645	0.00101995	-0.000712667	0.00162581	0.1
4.88001	0.593234	0.293453	0.40457	0.6	0.3	0.4	0.00071437	0.000695723	-0.000487031	0.00110975	0.1
4.89011	0.593236	0.293455	0.404568	0.6	0.3	0.4	0.000654043	0.000637238	-0.000446068	0.00101628	0.1
4.90169	0.593243	0.293464	0.404563	0.6	0.3	0.4	0.000418067	0.000407069	-0.000284564	0.0006492	0.1
4.9105	0.593248	0.293467	0.404559	0.6	0.3	0.4	0.000284542	0.000276438	-0.000192847	0.000441103	0.1
4.92006	0.593249	0.293468	0.404559	0.6	0.3	0.4	0.000260902	0.00025288	-0.000177271	0.000404281	0.1
4.93099	0.593252	0.293471	0.404557	0.6	0.3	0.4	0.000167786	0.00016194	-0.000113588	0.000259382	0.1
4.94004	0.593254	0.293473	0.404556	0.6	0.3	0.4	0.000121212	0.000118118	-8.1811e-05	0.000187982	0.1
4.95004	0.593254	0.293473	0.404555	0.6	0.3	0.4	0.000111064	0.000108202	-7.48239e-05	0.000172167	0.1
4.96003	0.593255	0.293474	0.404555	0.6	0.3	0.4	7.52683e-05	7.46714e-05	-5.14206e-05	0.000117836	0.1
4.9744	0.593256	0.293475	0.404554	0.6	0.3	0.4	4.92768e-05	4.98786e-05	-3.4175e-05	7.8e-05	0.1
4.98062	0.593256	0.293476	0.404554	0.6	0.3	0.4	3.70878e-05	3.96105e-05	-2.60277e-05	6.01825e-05	0.1
4.99003	0.593257	0.293476	0.404554	0.6	0.3	0.4	2.65527e-05	2.85616e-05	-1.85997e-05	4.3206e-05	0.1
5.00077	0.593257	0.293476	0.404554	0.6	0.3	0.4	2.01755e-05	2.3514e-05	-1.51174e-05	3.44745e-05	0.1
5.01003	0.593257	0.293476	0.404553	0.6	0.3	0.4	1.33858e-05	1.61041e-05	-1.0309e-05	2.33409e-05	0.1
5.02004	0.593257	0.293477	0.404554	0.6	0.3	0.4	1.0421e-05	1.32758e-05	-8.69804e-06	1.89868e-05	0.1
5.03481	0.593257	0.293477	0.404553	0.6	0.3	0.4	6.90422e-06	1.01771e-05	-6.55347e-06	1.39352e-05	0.1
5.04048	0.593257	0.293477	0.404553	0.6	0.3	0.4	4.49798e-06	7.57697e-06	-4.81354e-06	1.00405e-05	0.1
5.05229	0.593257	0.293477	0.404553	0.6	0.3	0.4	3.56902e-06	6.07928e-06	-3.97514e-06	8.09304e-06	0.1
5.0601	0.593258	0.293477	0.404553	0.6	0.3	0.4	1.98472e-06	4.49012e-06	-3.00993e-06	5.75847e-06	0.1
5.07017	0.593258	0.293477	0.404553	0.6	0.3	0.4	1.58389e-06	3.55549e-06	-2.65733e-06	4.71292e-06	0.1
5.08032	0.593257	0.293477	0.404553	0.6	0.3	0.4	9.10415e-07	1.86727e-06	-2.06833e-06	2.93147e-06	0.1
5.0901	0.593258	0.293477	0.404553	0.6	0.3	0.4	3.81253e-07	1.83057e-06	-1.55763e-06	2.43363e-06	0.1
5.10085	0.593258	0.293477	0.404553	0.6	0.3	0.4	-1.27152e-07	1.5947e-06	-1.14031e-06	1.96458e-06	0.1
5.11006	0.593258	0.293477	0.404553	0.6	0.3	0.4	7.77942e-08	6.78121e-07	-7.27628e-07	9.97669e-07	0.1
5.12026	0.593257	0.293477	0.404553	0.6	0.3	0.4	-1.97417e-07	4.08627e-07	-1.40351e-06	1.47506e-06	0.1
5.13005	0.593257	0.293477	0.404553	0.6	0.3	0.4	-2.33454e-07	5.65898e-07	-4.71158e-07	7.72484e-07	0.1
5.14012	0.593257	0.293478	0.404553	0.6	0.3	0.4	-1.4343e-07	9.69766e-08	-4.13176e-07	4.47986e-07	0.1
5.15002	0.593258	0.293477	0.404553	0.6	0.3	0.4	-1.21529e-07	2.83374e-08	-4.07514e-07	4.26193e-07	0.1
5.16003	0.593258	0.293477	0.404553	0.6	0.3	0.4	-3.92488e-07	2.45407e-07	-2.39738e-07	5.21292e-07	0.1
5.17105	0.593258	0.293477	0.404553	0.6	0.3	0.4	-1.32333e-07	-1.17752e-08	-5.36682e-07	5.52882e-07	0.1
5.18057	0.593257	0.293477	0.404553	0.6	0.3	0.4	-4.93212e-07	3.91649e-07	-2.0953e-07	6.63739e-07	0.1
5.19009	0.593257	0.293477	0.404553	0.6	0.3	0.4	-3.45763e-07	2.89201e-07	-1.86555e-08	4.51151e-07	0.1
5.2031	0.593257	0.293477	0.404553	0.6	0.3	0.4	-3.00063e-07	4.3766e-07	-3.30889e-07	6.25357e-07	0.1
5.21003	0.593258	0.293477	0.404553	0.6	0.3	0.4	-3.9616e-07	3.10374e-07	-4.03476e-07	6.45033e-07	0.1
5.22001	0.593258	0.293477	0.404553	0.6	0.3	0.4	-2.88089e-07	4.30137e-07	-1.76006e-07	5.46801e-07	0.1
5.23008	0.593257	0.293477	0.404553	0.6	0.3	0.4	-1.91734e-07	-3.63402e-08	-3.67231e-08	1.98573e-07	0.1
5.24033	0.593257	0.293477	0.404553	0.6	0.3	0.4	-9.17361e-09	-1.67812e-07	-1.81912e-07	2.47663e-07	0.1
5.25638	0.593257	0.293477	0.404553	0.6	0.3	0.4	-1.62648e-07	1.67998e-08	-3.78369e-07	4.12189e-07	0.1
5.26015	0.593257	0.293477	0.404553	0.6	0.3	0.4	-1.28376e-08	1.61022e-07	-4.90755e-08	1.68823e-07	0.1
5.2729	0.593257	0.293477	0.404553	0.6	0.3	0.4	-2.23267e-07	5.49544e-07	2.35311e-07	6.38136e-07	0.1
5.28007	0.593257	0.293477	0.404553	0.6	0.3	0.4	8.0782e-08	-1.48516e-07	4.51888e-07	4.82479e-07	0.1
5.29005	0.593257	0.293477	0.404553	0.6	0.3	0.4	-7.36256e-08	-7.41247e-08	-4.04072e-08	1.12018e-07	0.1
5.30055	0.593258	0.293477	0.404553	0.6	0.3	0.4	1.52224e-07	-4.89864e-08	-3.96998e-08	1.64766e-07	0.1
5.31002	0.593257	0.293477	0.404553	0.6	0.3	0.4	3.65613e-08	-9.23011e-08	-1.30711e-07	1.64139e-07	0.1
5.32081	0.593258	0.293477	0.404553	0.6	0.3	0.4	1.57547e-08	2.46014e-08	4.82471e-08	5.64023e-08	0.1
5.33034	0.593257	0.293477	0.404553	0.6	0.3	0.4	-2.18202e-07	3.89971e-07	2.336e-07	5.04241e-07	0.1
5.34002	0.593257	0.293477	0.404553	0.6	0.3	0.4	-3.96427e-08	1.19873e-09	2.05798e-07	2.09585e-07	0.1
5.35004	0.593257	0.293477	0.404553	0.6	0.3	0.4	-1.43215e-08	1.03056e-07	-8.61619e-08	1.35091e-07	0.1
5.36001	0.593257	0.293477	0.404553	0.6	0.3	0.4	6.60983e-08	-3.54649e-08	3.36947e-07	3.45196e-07	0.1
5.3714	0.593257	0.293477	0.404553	0.6	0.3	0.4	-2.24044e-07	1.14252e-07	-2.87406e-07	3.81905e-07	0.1
5.38001	0.593258	0.293477	0.404553	0.6	0.3	0.4	7.16047e-08	-1.27002e-07	1.63442e-08	1.4671e-07	0.1
5.39026	0.593258	0.293477	0.404553	0.6	0.3	0.4	-1.02254e-08	9.49847e-08	1.85834e-07	2.08952e-07	0.1
5.40001	0.593257	0.293478	0.404553	0.6	0.3	0.4	-9.2725e-08	6.19123e-08	1.32152e-07	1.72903e-07	0.1
5.41002	0.593257	0.293477	0.404553	0.6	0.3	0.4	9.29295e-08	-7.58441e-08	2.73301e-07	2.98465e-07	0.1
5.42004	0.593257	0.293477	0.404553	0.6	0.3	0.4	6.46781e-08	-6.91063e-08	-1.31264e-07	1.61831e-07	0.1
5.43042	0.593257	0.293477	0.404553	0.6	0.3	0.4	-2.55919e-07	1.5769e-07	6.11691e-10	3.00601e-07	0.1
5.44005	0.593258	0.293477	0.404553	0.6	0.3	0.4	-3.36264e-08	1.61545e-07	1.08125e-07	1.97278e-07	0.1
5.45007	0.593258	0.293477	0.404553	0.6	0.3	0.4	1.54324e-07	-2.03914e-07	1.93663e-07	3.20784e-07	0.1
5.46023	0.593258	0.293477	0.404553	0.6	0.3	0.4	-1.73909e-09	9.20108e-08	-1.94803e-07	2.15446e-07	0.1
5.47014	0.593257	0.293477	0.404553	0.6	0.3	0.4	-1.16313e-07	-8.36119e-08	1.05762e-07	1.7806e-07	0.1
5.48054	0.593257	0.293477	0.404553	0.6	0.3	0.4	-1.78324e-07	1.54299e-08	8.52502e-08	1.98255e-07	0.1
5.49002	0.593257	0.293477	0.404553	0.6	0.3	0.4	1.21865e-07	-1.94622e-07	-3.23126e-07	3.96408e-07	0.1
5.50598	0.593257	0.293477	0.404553	0.6	0.3	0.4	-1.3181e-07	1.61942e-07	3.95707e-07	4.47418e-07	0.1
5.51005	0.593257	0.293477	0.404553	0.6	0.3	0.4	5.17918e-10	4.89614e-08	-1.93458e-07	1.99558e-07	0.1
5.52065	0.593257	0.293477	0.404553	0.6	0.3	0.4	1.26795e-07	-1.92174e-07	-1.51094e-07	2.75385e-07	0.1
5.53008	0.593257	0.293477	0.404553	0.6	0.3	0.4	2.01397e-07	-3.39876e-07	-1.08085e-07	4.09584e-07	0.1
5.54037	0.593257	0.293477	0.404553	0.6	0.3	0.4	-1.10737e-07	5.50486e-08	-2.02857e-07	2.3758e-07	0.1
5.55009	0.593257	0.293477	0.404553	0.6	0.3	0.4	-5.9062e-08	-3.83833e-08	-2.035e-07	2.15346e-07	0.1
5.56012	0.593258	0.293477	0.404553	0.6	0.3	0.4	1.14056e-07	-1.07703e-07	1.26664e-07	2.01625e-07	0.1
5.57001	0.593258	0.293477	0.404553	0.6	0.3	0.4	6.24652e-08	-2.20855e-07	-5.55716e-08	2.3615e-07	0.1
5.58007	0.593258	0.293477	0.404553	0.6	0.3	0.4	7.82955e-08	-2.3666e-07	-9.97056e-08	2.68476e-07	0.1
5.59005	0.593258	0.293477	0.404553	0.6	0.3	0.4	1.37855e-08	-3.26453e-07	-2.81781e-07	4.31465e-07	0.1
5.60003	0.593257	0.293477	0.404553	0.6	0.3	0.4	-1.62256e-08	2.40562e-07	2.30137e-07	3.33312e-07	0.1
5.61048	0.593257	0.293477	0.404553	0.6	0.3	0.4	-8.3649e-08	1.43217e-07	9.20358e-08	1.89681e-07	0.1
5.62004	0.593257	0.293477	0.404553	0.6	0.3	0.4	-1.01571e-07	2.19713e-07	4.3196e-07	4.95157e-07	0.1
5.63017	0.593257	0.293477	0.404553	0.6	0.3	0.4	-5.01603e-08	-3.53526e-07	2.21621e-08	3.57754e-07	0.1
5.6401	0.593257	0.293477	0.404553	0.6	0.3	0.4	2.56205e-09	-2.65669e-07	-2.70247e-07	3.78973e-07	0.1
5.65221	0.593257	0.293477	0.404553	0.6	0.3	0.4	1.49277e-07	-2.75626e-07	2.97561e-07	4.32199e-07	0.1
5.66011	0.593257	0.293477	0.404553	0.6	0.3	0.4	1.93038e-07	-3.98838e-07	-4.26856e-08	4.45149e-07	0.1
5.67004	0.593257	0.293477	0.404553	0.6	0.3	0.4	-6.2248e-08	1.36991e-07	1.94154e-07	2.45636e-07	0.1
5.68016	0.593257	0.293477	0.404553	0.6	0.3	0.4	-4.66715e-08	4.02954e-08	-3.3912e-07	3.4468e-07	0.1
5.69047	0.593257	0.293477	0.404553	0.6	0.3	0.4	-1.29924e-07	-4.12456e-08	-4.33088e-07	4.54033e-07	0.1
5.70096	0.593257	0.293477	0.404553	0.6	0.3	0.4	-1.2438e-08	2.17297e-07	-5.42824e-08	2.2432e-07	0.1
5.71032	0.593257	0.293477	0.404553	0.6	0.3	0.4	-2.16879e-07	1.92532e-07	1.00828e-08	2.90184e-07	0.1
5.72044	0.593257	0.293477	0.404553	0.6	0.3	0.4	-5.16753e-08	9.3433e-08	6.43869e-10	1.06773e-07	0.1
5.73044	0.593257	0.293477	0.404553	0.6	0.3	0.4	-1.03832e-07	-7.07159e-09	5.57307e-08	1.18055e-07	0.1
5.74003	0.593257	0.293477	0.404553	0.6	0.3	0.4	-3.68814e-07	4.66132e-07	-4.77704e-07	7.62565e-07	0.1
5.75004	0.593257	0.293477	0.404553	0.6	0.3	0.4	0	0	0	0	0.1
5.76002	0.593257	0.293477	0.404553	0.6	0.3	0.4	-1.241e-07	4.92237e-08	2.02306e-07	2.42387e-07	0.1
5.77035	0.593257	0.293477	0.404553	0.6	0.3	0.4	-5.34557e-08	6.05865e-08	-4.30029e-07	4.37553e-07	0.1
5.7806	0.593257	0.293477	0.404553	0.6	0.3	0.4	-8.03405e-08	-7.3988e-08	-1.37941e-07	1.75945e-07	0.1
5.79053	0.593257	0.293477	0.404553	0.6	0.3	0.4	-1.45416e-07	-1.51134e-07	-8.26931e-08	2.25445e-07	0.1
5.80203	0.593257	0.293477	0.404553	0.6	0.3	0.4	5.66786e-08	-1.4657e-07	-3.40407e-07	3.7493e-07	0.1
5.81014	0.593257	0.293477	0.404553	0.6	0.3	0.4	-1.77292e-07	5.89617e-07	1.81431e-07	6.41871e-07	0.1
5.82025	0.593257	0.293477	0.404553	0.6	0.3	0.4	-1.91522e-07	-4.8123e-08	6.42038e-08	2.0765e-07	0.1
5.83057	0.593257	0.293477	0.404553	0.6	0.3	0.4	-1.23533e-08	1.07116e-08	-2.37162e-07	2.37725e-07	0.1
5.84012	0.593257	0.293477	0.404553	0.6	0.3	0.4	-1.23533e-08	1.07116e-08	-2.37162e-07	2.37725e-07	0.1
5.85329	0.593257	0.293477	0.404553	0.6	0.3	0.4	-3.92381e-08	-1.23863e-07	5.49259e-08	1.41062e-07	0.1
5.86002	0.593257	0.293477	0.404553	0.6	0.3	0.4	-3.92381e-08	-1.23863e-07	5.49259e-08	1.41062e-07	0.1
5.871	0.593257	0.293477	0.404553	0.6	0.3	0.4	-2.42367e-07	5.1247e-07	2.36679e-07	6.14316e-07	0.1
5.8807	0.593257	0.293477	0.404553	0.6	0.3	0.4	-1.58303e-08	1.5805e-08	4.41341e-08	4.94794e-08	0.1
5.89004	0.593257	0.293477	0.404553	0.6	0.3	0.4	1.23533e-08	-1.07116e-08	2.37162e-07	2.37725e-07	0.1
5.90196	0.593257	0.293477	0.404553	0.6	0.3	0.4	-6.50759e-08	-7.71466e-08	5.52481e-08	1.1506e-07	0.1
5.91061	0.593257	0.293477	0.404553	0.6	0.3	0.4	1.62281e-07	-5.05569e-07	1.1452e-07	5.43185e-07	0.1
5.92036	0.593257	0.293477	0.404553	0.6	0.3	0.4	-1.21189e-07	5.67766e-08	1.58333e-07	2.07315e-07	0.1
5.93007	0.593257	0.293477	0.404553	0.6	0.3	0.4	-7.03332e-08	-1.049e-07	-9.41288e-08	1.57515e-07	0.1
5.94003	0.593257	0.293477	0.404553	0.6	0.3	0.4	1.34108e-07	-8.01356e-08	-1.58494e-07	2.22547e-07	0.1
5.95148	0.593257	0.293477	0.404553	0.6	0.3	0.4	-3.61464e-07	5.08557e-07	9.92212e-08	6.31769e-07	0.1
5.96014	0.593257	0.293477	0.404553	0.6	0.3	0.4	-6.37747e-08	1.85034e-07	2.52623e-07	3.19567e-07	0.1
5.97083	0.593257	0.293477	0.404553	0.6	0.3	0.4	-3.8191e-08	5.74281e-08	-2.3684e-07	2.46677e-07	0.1
5.98004	0.593257	0.293477	0.404553	0.6	0.3	0.4	-9.61708e-08	-5.81831e-08	-9.38068e-08	1.46403e-07	0.1
5.99001	0.593257	0.293477	0.404553	0.6	0.3	0.4	4.0848e-08	-1.30765e-07	-2.96273e-07	3.26414e-07	0.1
6.00033	0.593257	0.293477	0.404553	0.6	0.3	0.4	2.91155e-09	7.5531e-09	-4.39731e-08	4.4712e-08	0.1
6.01003	0.593257	0.293477	0.404553	0.6	0.3	0.4	-2.50186e-08	1.14961e-07	2.5214e-07	2.78238e-07	0.1
6.02018	0.593257	0.293477	0.404553	0.6	0.3	0.4	-3.81912e-08	5.74284e-08	-2.3684e-07	2.46677e-07	0.1
6.03058	0.593257	0.293477	0.404553	0.6	0.3	0.4	-9.61708e-08	-5.8183e-08	-9.38068e-08	1.46403e-07	0.1
6.04009	0.593257	0.293477	0.404553	0.6	0.3	0.4	1.21189e-07	-5.67768e-08	-1.58333e-07	2.07315e-07	0.1
6.05285	0.593257	0.293477	0.404553	0.6	0.3	0.4	-9.03478e-08	-4.30769e-08	-1.81753e-07	2.07491e-07	0.1
6.06088	0.593257	0.293477	0.404553	0.6	0.3	0.4	3.94919e-08	2.04753e-07	4.34215e-07	4.81691e-07	0.1
6.07009	0.593257	0.293477	0.404553	0.6	0.3	0.4	-3.81909e-08	5.74281e-08	-2.3684e-07	2.46677e-07	0.1
6.08046	0.593257	0.293477	0.404553	0.6	0.3	0.4	1.21443e-07	2.41131e-08	3.30808e-07	3.53219e-07	0.1
6.09002	0.593257	0.293477	0.404553	0.6	0.3	0.4	1.34108e-07	-8.01349e-08	-1.58494e-07	2.22546e-07	0.1
6.10023	0.593257	0.293477	0.404553	0.6	0.3	0.4	4.81983e-08	-8.83398e-08	2.80652e-07	2.98149e-07	0.1
6.1101	0.593257	0.293477	0.404553	0.6	0.3	0.4	5.50683e-08	1.08059e-07	-9.90603e-08	1.56595e-07	0.1
6.12012	0.593257	0.293477	0.404553	0.6	0.3	0.4	3.51457e-07	-4.77646e-07	-1.43033e-07	6.10022e-07	0.1
6.13051	0.593257	0.293477	0.404553	0.6	0.3	0.4	2.91146e-09	7.55328e-09	-4.39732e-08	4.4712e-08	0.1
6.14002	0.593257	0.293477	0.404553	0.6	0.3	0.4	-2.55286e-07	5.35829e-07	2.3684e-07	6.39044e-07	0.1
6.15001	0.593257	0.293477	0.404553	0.6	0.3	0.4	-4.11024e-08	4.98752e-08	-1.92867e-07	2.03408e-07	0.1
6.16007	0.593257	0.293477	0.404553	0.6	0.3	0.4	5.50684e-08	1.08058e-07	-9.906e-08	1.56595e-07	0.1
6.17063	0.593257	0.293477	0.404553	0.6	0.3	0.4	2.83469e-07	-5.62346e-07	-4.38122e-08	6.31274e-07	0.1
6.18009	0.593257	0.293477	0.404553	0.6	0.3	0.4	-1.58335e-07	-1.27776e-07	-8.25322e-08	2.19564e-07	0.1
6.1902	0.593257	0.293477	0.404553	0.6	0.3	0.4	3.81909e-08	-5.74283e-08	2.3684e-07	2.46678e-07	0.1
6.20004	0.593257	0.293477	0.404553	0.6	0.3	0.4	-1.79226e-08	7.64957e-08	3.39925e-07	3.48887e-07	0.1
6.21125	0.593257	0.293477	0.404553	0.6	0.3	0.4	-1.18532e-07	-1.65597e-08	-3.74781e-07	3.93427e-07	0.1
6.22338	0.593257	0.293477	0.404553	0.6	0.3	0.4	1.52648e-08	-3.15835e-09	1.93189e-07	1.93817e-07	0.1
6.23003	0.593257	0.293477	0.404553	0.6	0.3	0.4	1.52648e-08	-3.15873e-09	1.93189e-07	1.93817e-07	0.1
6.24047	0.593257	0.293477	0.404553	0.6	0.3	0.4	-5.11099e-08	8.07867e-08	-2.36679e-07	2.55256e-07	0.1
6.25436	0.593257	0.293477	0.404553	0.6	0.3	0.4	-4.376e-08	1.23211e-07	3.40247e-07	3.64505e-07	0.1
6.26012	0.593257	0.293477	0.404553	0.6	0.3	0.4	-2.81836e-08	2.65166e-08	-1.93028e-07	1.96868e-07	0.1
6.27063	0.593257	0.293477	0.404553	0.6	0.3	0.4	-5.50684e-08	-1.08058e-07	9.906e-08	1.56595e-07	0.1
6.28142	0.593257	0.293477	0.404553	0.6	0.3	0.4	1.0909e-07	3.48247e-08	9.36458e-08	1.47929e-07	0.1
6.29008	0.593257	0.293477	0.404553	0.6	0.3	0.4	-1.34108e-07	8.01355e-08	1.58494e-07	2.22547e-07	0.1
6.3001	0.593257	0.293477	0.404553	0.6	0.3	0.4	7.7429e-08	6.64348e-08	1.81914e-07	2.0857e-07	0.1
6.31063	0.593257	0.293477	0.404553	0.6	0.3	0.4	-6.79872e-08	-8.46996e-08	9.9221e-08	1.47109e-07	0.1
6.32317	0.593257	0.293477	0.404553	0.6	0.3	0.4	-3.98039e-08	-1.11217e-07	2.92249e-07	3.15219e-07	0.1
6.3306	0.593257	0.293477	0.404553	0.6	0.3	0.4	-3.98038e-08	-1.11217e-07	2.92249e-07	3.15219e-07	0.1
6.34007	0.593257	0.293477	0.404553	0.6	0.3	0.4	6.50756e-08	7.71472e-08	-5.52481e-08	1.1506e-07	0.1
6.35015	0.593257	0.293477	0.404553	0.6	0.3	0.4	-6.61205e-08	1.64835e-07	5.92728e-08	1.87232e-07	0.1
6.36002	0.593257	0.293477	0.404553	0.6	0.3	0.4	-1.21189e-07	5.67768e-08	1.58333e-07	2.07315e-07	0.1
6.37014	0.593257	0.293477	0.404553	0.6	0.3	0.4	-2.55286e-07	5.35829e-07	2.3684e-07	6.39044e-07	0.1
6.38004	0.593257	0.293477	0.404553	0.6	0.3	0.4	5.08563e-08	-1.61677e-07	-2.52462e-07	3.04077e-07	0.1
6.3905	0.593257	0.293477	0.404553	0.6	0.3	0.4	-2.91156e-09	-7.5531e-09	4.39731e-08	4.4712e-08	0.1
6.40301	0.593257	0.293477	0.404553	0.6	0.3	0.4	-1.34108e-07	8.0135e-08	1.58494e-07	2.22546e-07	0.1
6.41136	0.593257	0.293477	0.404553	0.6	0.3	0.4	8.3252e-08	8.15413e-08	9.39678e-08	1.49699e-07	0.1
6.42042	0.593257	0.293477	0.404553	0.6	0.3	0.4	-5.21569e-08	-1.00505e-07	5.50869e-08	1.25921e-07	0.1
6.43006	0.593257	0.293477	0.404553	0.6	0.3	0.4	1.18532e-07	1.65598e-08	3.74781e-07	3.93427e-07	0.1
6.4401	0.593257	0.293477	0.404553	0.6	0.3	0.4	-6.63745e-08	8.39451e-08	-4.29868e-07	4.42989e-07	0.1
6.45095	0.593257	0.293477	0.404553	0.6	0.3	0.4	5.2157e-08	1.00505e-07	-5.50869e-08	1.25921e-07	0.1
6.46097	0.593257	0.293477	0.404553	0.6	0.3	0.4	2.52721e-08	-3.40699e-08	2.37001e-07	2.40767e-07	0.1
6.47112	0.593257	0.293477	0.404553	0.6	0.3	0.4	5.34557e-08	-6.05865e-08	4.30029e-07	4.37553e-07	0.1
6.48043	0.593257	0.293477	0.404553	0.6	0.3	0.4	9.6171e-08	5.8183e-08	9.38067e-08	1.46403e-07	0.1
6.49007	0.593257	0.293477	0.404553	0.6	0.3	0.4	-1.21189e-07	5.67774e-08	1.58333e-07	2.07315e-07	0.1
6.50324	0.593257	0.293477	0.404553	0.6	0.3	0.4	-1.52648e-08	3.15835e-09	-1.93189e-07	1.93817e-07	0.1
6.51157	0.593257	0.293477	0.404553	0.6	0.3	0.4	-8.03404e-08	-7.39881e-08	-1.37941e-07	1.75945e-07	0.1
6.52247	0.593257	0.293477	0.404553	0.6	0.3	0.4	3.81911e-08	-5.74284e-08	2.3684e-07	2.46677e-07	0.1
6.5305	0.593257	0.293477	0.404553	0.6	0.3	0.4	-4.67643e-07	4.81285e-07	-3.83977e-08	6.7216e-07	0.1
6.54024	0.593257	0.293477	0.404553	0.6	0.3	0.4	1.49108e-07	-5.631e-07	-3.74459e-07	6.92484e-07	0.1
6.55244	0.593257	0.293477	0.404553	0.6	0.3	0.4	1.18267e-07	-4.63248e-07	-3.43731e-08	4.7934e-07	0.1
6.56028	0.593257	0.293477	0.404553	0.6	0.3	0.4	9.32593e-08	5.06297e-08	1.3778e-07	1.73908e-07	0.1
6.57112	0.593257	0.293477	0.404553	0.6	0.3	0.4	-8.03405e-08	-7.3988e-08	-1.37941e-07	1.75945e-07	0.1
6.58001	0.593257	0.293477	0.404553	0.6	0.3	0.4	4.37599e-08	-1.23211e-07	-3.40247e-07	3.64505e-07	0.1
6.59087	0.593257	0.293477	0.404553	0.6	0.3	0.4	-5.21569e-08	-1.00505e-07	5.50871e-08	1.25921e-07	0.1
6.60017	0.593257	0.293477	0.404553	0.6	0.3	0.4	1.29189e-08	-2.33584e-08	-1.60968e-10	2.66934e-08	0.1
6.61004	0.593257	0.293477	0.404553	0.6	0.3	0.4	-1.79227e-08	7.64957e-08	3.39925e-07	3.48887e-07	0.1
6.62002	0.593257	0.293477	0.404553	0.6	0.3	0.4	-9.32593e-08	-5.06299e-08	-1.3778e-07	1.73908e-07	0.1
6.63025	0.593257	0.293477	0.404553	0.6	0.3	0.4	-7.79943e-08	-5.37885e-08	5.54088e-08	1.09756e-07	0.1
6.64083	0.593257	0.293477	0.404553	0.6	0.3	0.4	2.34574e-09	2.02e-08	1.9335e-07	1.94416e-07	0.1
6.65005	0.593257	0.293477	0.404553	0.6	0.3	0.4	-1.37019e-07	7.25821e-08	2.02467e-07	2.5502e-07	0.1
6.66009	0.593257	0.293477	0.404553	0.6	0.3	0.4	-1.46715e-07	9.95674e-09	-5.67809e-07	5.86542e-07	0.1
6.672	0.593257	0.293477	0.404553	0.6	0.3	0.4	0	0	0	0	0.1
6.6802	0.593257	0.293477	0.404553	0.6	0.3	0.4	6.63746e-08	-8.39447e-08	4.29868e-07	4.42988e-07	0.1
6.69104	0.593257	0.293477	0.404553	0.6	0.3	0.4	-2.70551e-07	5.38987e-07	4.36512e-08	6.04657e-07	0.1
6.70046	0.593257	0.293477	0.404553	0.6	0.3	0.4	-1.241e-07	4.92235e-08	2.02306e-07	2.42387e-07	0.1
6.71005	0.593257	0.293477	0.404553	0.6	0.3	0.4	-1.18531e-07	-1.65599e-08	-3.74781e-07	3.93427e-07	0.1
6.72013	0.593257	0.293477	0.404553	0.6	0.3	0.4	-6.50755e-08	-7.71468e-08	5.52479e-08	1.1506e-07	0.1
6.73004	0.593257	0.293477	0.404553	0.6	0.3	0.4	2.34589e-09	2.01996e-08	1.9335e-07	1.94416e-07	0.1
6.74003	0.593257	0.293477	0.404553	0.6	0.3	0.4	-1.44369e-07	3.01569e-08	-3.74459e-07	4.02457e-07	0.1
6.75	0.593257	0.293477	0.404553	0.6	0.3	0.4	-6.63746e-08	8.39447e-08	-4.29868e-07	4.42988e-07	0.1
6.76142	0.593257	0.293477	0.404553	0.6	0.3	0.4	-3.76729e-07	5.11716e-07	-9.39678e-08	6.42346e-07	0.1
6.77001	0.593257	0.293477	0.404553	0.6	0.3	0.4	-2.30014e-07	5.01759e-07	4.73841e-07	7.27457e-07	0.1
6.78014	0.593257	0.293477	0.404553	0.6	0.3	0.4	-6.50759e-08	-7.71466e-08	5.52481e-08	1.1506e-07	0.1
6.79007	0.593257	0.293477	0.404553	0.6	0.3	0.4	-2.23605e-08	4.1623e-08	-2.80974e-07	2.84919e-07	0.1
6.80004	0.593257	0.293477	0.404553	0.6	0.3	0.4	9.09134e-08	3.04299e-08	-5.55698e-08	1.10812e-07	0.1
6.81036	0.593257	0.293477	0.404553	0.6	0.3	0.4	-6.74216e-08	-9.73464e-08	-1.38102e-07	1.81918e-07	0.1
6.82085	0.593257	0.293477	0.404553	0.6	0.3	0.4	-3.48545e-07	4.85199e-07	9.906e-08	6.0557e-07	0.1
6.83038	0.593257	0.293477	0.404553	0.6	0.3	0.4	-8.09061e-08	-6.13419e-08	9.93821e-08	1.42075e-07	0.1
6.84011	0.593257	0.293477	0.404553	0.6	0.3	0.4	-1.19097e-07	-3.91329e-09	-1.37458e-07	1.81918e-07	0.1
6.85009	0.593257	0.293477	0.404553	0.6	0.3	0.4	-1.56722e-07	4.08683e-08	-6.11621e-07	6.32702e-07	0.1
6.8602	0.593257	0.293477	0.404553	0.6	0.3	0.4	-1.00074e-08	3.09115e-08	-4.38122e-08	5.45452e-08	0.1
6.87274	0.593257	0.293477	0.404553	0.6	0.3	0.4	-6.50757e-08	-7.71464e-08	5.52478e-08	1.1506e-07	0.1
6.88113	0.593257	0.293477	0.404553	0.6	0.3	0.4	1.34108e-07	-8.01352e-08	-1.58493e-07	2.22546e-07	0.1
6.89149	0.593257	0.293477	0.404553	0.6	0.3	0.4	-1.33796e-07	-1.34014e-08	-5.6797e-07	5.8367e-07	0.1
6.90487	0.593257	0.293477	0.404553	0.6	0.3	0.4	-9.82628e-08	2.50699e-09	2.01984e-07	2.24632e-07	0.1
6.91007	0.593257	0.293477	0.404553	0.6	0.3	0.4	2.58376e-08	-4.67165e-08	-3.21888e-10	5.33865e-08	0.1
6.92802	0.593257	0.293477	0.404553	0.6	0.3	0.4	2.81838e-08	-2.65169e-08	1.93028e-07	1.96869e-07	0.1
6.9311	0.593257	0.293477	0.404553	0.6	0.3	0.4	-6.50755e-08	-7.71468e-08	5.52479e-08	1.1506e-07	0.1
6.94006	0.593257	0.293477	0.404553	0.6	0.3	0.4	-2.5294e-07	5.56028e-07	4.3019e-07	7.47134e-07	0.1
6.95017	0.593257	0.293477	0.404553	0.6	0.3	0.4	-1.49938e-07	9.59398e-08	2.02628e-07	2.69711e-07	0.1
6.96038	0.593257	0.293477	0.404553	0.6	0.3	0.4	-1.34362e-07	-7.54893e-10	-3.30647e-07	3.56905e-07	0.1
6.97047	0.593257	0.293477	0.404553	0.6	0.3	0.4	-1.06178e-07	-2.72715e-08	-1.37619e-07	1.75945e-07	0.1
6.98007	0.593257	0.293477	0.404553	0.6	0.3	0.4	4.37595e-08	-1.23212e-07	-3.40247e-07	3.64505e-07	0.1
6.99001	0.593257	0.293477	0.404553	0.6	0.3	0.4	1.29189e-08	-2.33584e-08	-1.60968e-10	2.66934e-08	0.1
7.00083	0.593257	0.293477	0.404553	0.6	0.3	0.4	-1.11181e-07	2.58653e-08	2.02145e-07	2.32148e-07	0.1
7.01069	0.593257	0.293477	0.404553	0.6	0.3	0.4	1.06178e-07	2.72715e-08	1.37619e-07	1.75945e-07	0.1
7.02025	0.593257	0.293477	0.404553	0.6	0.3	0.4	-3.35626e-07	4.61841e-07	9.88991e-08	5.79417e-07	0.1
7.03026	0.593257	0.293477	0.404553	0.6	0.3	0.4	-5.21567e-08	-1.00506e-07	5.50871e-08	1.25922e-07	0.1
7.04011	0.593257	0.293477	0.404553	0.6	0.3	0.4	0	0	0	0	0.1
7.05133	0.593257	0.293477	0.404553	0.6	0.3	0.4	2.42367e-07	-5.12471e-07	-2.36679e-07	6.14317e-07	0.1
7.06054	0.593257	0.293477	0.404553	0.6	0.3	0.4	-1.29188e-08	2.33582e-08	1.60967e-10	2.66932e-08	0.1
7.07461	0.593257	0.293477	0.404553	0.6	0.3	0.4	-6.50758e-08	-7.71463e-08	5.52478e-08	1.1506e-07	0.1
7.08005	0.593257	0.293477	0.404553	0.6	0.3	0.4	-2.45279e-07	5.04917e-07	2.80652e-07	6.2759e-07	0.1
7.09083	0.593257	0.293477	0.404553	0.6	0.3	0.4	2.29263e-08	-5.42699e-08	4.36512e-08	7.3323e-08	0.1
7.10028	0.593257	0.293477	0.404553	0.6	0.3	0.4	6.50758e-08	7.71463e-08	-5.52478e-08	1.1506e-07	0.1
7.11138	0.593257	0.293477	0.404553	0.6	0.3	0.4	-8.03405e-08	-7.3988e-08	-1.37941e-07	1.75945e-07	0.1
7.12016	0.593257	0.293477	0.404553	0.6	0.3	0.4	2.81836e-08	-2.65166e-08	1.93028e-07	1.96868e-07	0.1
7.13034	0.593257	0.293477	0.404553	0.6	0.3	0.4	-3.58553e-07	5.1611e-07	5.52481e-08	6.30858e-07	0.1
7.14085	0.593257	0.293477	0.404553	0.6	0.3	0.4	-6.6686e-08	1.77482e-07	2.96595e-07	3.52016e-07	0.1
7.15145	0.593257	0.293477	0.404553	0.6	0.3	0.4	-1.7521e-07	1.3001e-07	-3.43731e-08	2.20868e-07	0.1
7.16064	0.593257	0.293477	0.404553	0.6	0.3	0.4	-2.61109e-07	5.20723e-07	3.24786e-07	6.66945e-07	0.1
7.17007	0.593257	0.293477	0.404553	0.6	0.3	0.4	-1.49362e-07	4.82211e-07	-1.14682e-07	5.17676e-07	0.1
7.18007	0.593257	0.293477	0.404553	0.6	0.3	0.4	3.81909e-08	-5.74283e-08	2.3684e-07	2.46678e-07	0.1
7.19009	0.593257	0.293477	0.404553	0.6	0.3	0.4	-9.3005e-08	3.02601e-08	3.5136e-07	3.64719e-07	0.1
7.20052	0.593257	0.293477	0.404553	0.6	0.3	0.4	-2.08625e-07	2.12536e-08	-6.73935e-08	2.20268e-07	0.1
7.2102	0.593257	0.293477	0.404553	0.6	0.3	0.4	-1.00074e-08	3.09115e-08	-4.38122e-08	5.45452e-08	0.1
7.22002	0.593257	0.293477	0.404553	0.6	0.3	0.4	-7.08984e-08	-9.22534e-08	1.43194e-07	1.84504e-07	0.1
7.23014	0.593257	0.293477	0.404553	0.6	0.3	0.4	1.94489e-08	-4.91761e-08	3.24947e-07	3.29222e-07	0.1
7.24014	0.593257	0.293477	0.404553	0.6	0.3	0.4	-2.81835e-08	2.65168e-08	-1.93028e-07	1.96869e-07	0.1
7.25004	0.593257	0.293477	0.404553	0.6	0.3	0.4	-2.52721e-08	3.40699e-08	-2.37001e-07	2.40767e-07	0.1
7.26002	0.593257	0.293477	0.404553	0.6	0.3	0.4	2.81836e-08	-2.65166e-08	1.93028e-07	1.96868e-07	0.1
7.27029	0.593257	0.293477	0.404553	0.6	0.3	0.4	-1.45416e-07	-1.51135e-07	-8.26928e-08	2.25446e-07	0.1
7.28003	0.593257	0.293477	0.404553	0.6	0.3	0.4	7.34996e-09	4.24257e-08	5.76926e-07	5.7853e-07	0.1
7.29066	0.593257	0.293477	0.404553	0.6	0.3	0.4	-1.24101e-07	4.9224e-08	2.02306e-07	2.42388e-07	0.1
7.30051	0.593257	0.293477	0.404553	0.6	0.3	0.4	9.03479e-08	4.30765e-08	1.81753e-07	2.07491e-07	0.1
7.31006	0.593257	0.293477	0.404553	0.6	0.3	0.4	-4.28886e-07	4.11211e-07	-3.88806e-08	5.9544e-07	0.1
7.32064	0.593257	0.293477	0.404553	0.6	0.3	0.4	-3.52795e-08	6.49817e-08	-2.80813e-07	2.90385e-07	0.1
7.33066	0.593257	0.293477	0.404553	0.6	0.3	0.4	-2.24456e-07	3.70591e-08	-2.32595e-08	2.2868e-07	0.1
7.34003	0.593257	0.293477	0.404553	0.6	0.3	0.4	-3.8191e-08	5.74281e-08	-2.3684e-07	2.46677e-07	0.1
7.35025	0.593257	0.293477	0.404553	0.6	0.3	0.4	3.52795e-08	-6.49814e-08	2.80813e-07	2.90385e-07	0.1
7.36098	0.593257	0.293477	0.404553	0.6	0.3	0.4	5.08553e-08	-1.61677e-07	-2.52461e-07	3.04076e-07	0.1
7.37767	0.593257	0.293477	0.404553	0.6	0.3	0.4	1.29189e-08	-2.33584e-08	-1.60968e-10	2.66934e-08	0.1
7.38038	0.593257	0.293477	0.404553	0.6	0.3	0.4	-2.11536e-07	1.37002e-08	-2.34205e-08	2.1327e-07	0.1
7.39004	0.593257	0.293477	0.404553	0.6	0.3	0.4	1.02611e-08	4.99788e-08	5.32953e-07	5.35389e-07	0.1
7.4006	0.593257	0.293477	0.404553	0.6	0.3	0.4	-1.18532e-07	-1.65598e-08	-3.74781e-07	3.93427e-07	0.1
7.41005	0.593257	0.293477	0.404553	0.6	0.3	0.4	2.52721e-08	-3.40699e-08	2.37001e-07	2.40767e-07	0.1
7.42002	0.593257	0.293477	0.404553	0.6	0.3	0.4	-3.98034e-08	-1.11217e-07	2.92249e-07	3.15219e-07	0.1
7.43004	0.593257	0.293477	0.404553	0.6	0.3	0.4	-1.29189e-08	2.33584e-08	1.60945e-10	2.66934e-08	0.1
7.44131	0.593257	0.293477	0.404553	0.6	0.3	0.4	-1.37019e-07	7.25822e-08	2.02467e-07	2.5502e-07	0.1
7.45006	0.593257	0.293477	0.404553	0.6	0.3	0.4	2.91146e-09	7.55328e-09	-4.39732e-08	4.4712e-08	0.1
7.46018	0.593257	0.293477	0.404553	0.6	0.3	0.4	2.81836e-08	-2.65166e-08	1.93028e-07	1.96868e-07	0.1
7.47313	0.593257	0.293477	0.404553	0.6	0.3	0.4	-1.21443e-07	-2.41128e-08	-3.30808e-07	3.53219e-07	0.1
7.48011	0.593257	0.293477	0.404553	0.6	0.3	0.4	1.59369e-07	-5.13122e-07	1.58493e-07	5.6019e-07	0.1
7.49259	0.593257	0.293477	0.404553	0.6	0.3	0.4	-2.52639e-07	6.35752e-08	-2.16287e-07	3.38598e-07	0.1
7.50004	0.593257	0.293477	0.404553	0.6	0.3	0.4	-9.03479e-08	-4.30765e-08	-1.81753e-07	2.07491e-07	0.1
7.51017	0.593257	0.293477	0.404553	0.6	0.3	0.4	-1.61246e-07	-1.3533e-07	-3.8559e-08	2.14012e-07	0.1
7.5202	0.593257	0.293477	0.404553	0.6	0.3	0.4	-8.38176e-08	-6.8895e-08	1.43355e-07	1.79785e-07	0.1
7.53061	0.593257	0.293477	0.404553	0.6	0.3	0.4	-1.37019e-07	7.25822e-08	2.02467e-07	2.5502e-07	0.1
7.54004	0.593257	0.293477	0.404553	0.6	0.3	0.4	-2.14448e-07	6.14703e-09	2.05528e-08	2.15519e-07	0.1
7.55011	0.593257	0.293477	0.404553	0.6	0.3	0.4	2.91146e-09	7.55328e-09	-4.39732e-08	4.4712e-08	0.1
7.56003	0.593257	0.293477	0.404553	0.6	0.3	0.4	-1.45416e-07	-1.51134e-07	-8.26931e-08	2.25445e-07	0.1
7.5713	0.593257	0.293477	0.404553	0.6	0.3	0.4	3.81911e-08	-5.74286e-08	2.3684e-07	2.46678e-07	0.1
7.5801	0.593257	0.293477	0.404553	0.6	0.3	0.4	-2.1736e-07	-1.40575e-09	6.45258e-08	2.2674e-07	0.1
7.59025	0.593257	0.293477	0.404553	0.6	0.3	0.4	-1.46715e-07	9.95674e-09	-5.67809e-07	5.86542e-07	0.1
7.60142	0.593257	0.293477	0.404553	0.6	0.3	0.4	0	0	0	0	0.1
7.61184	0.593257	0.293477	0.404553	0.6	0.3	0.4	-9.32593e-08	-5.06297e-08	-1.3778e-07	1.73908e-07	0.1
7.62005	0.593257	0.293477	0.404553	0.6	0.3	0.4	-2.55286e-07	5.35829e-07	2.3684e-07	6.39043e-07	0.1
7.63043	0.593257	0.293477	0.404553	0.6	0.3	0.4	-1.37019e-07	7.25827e-08	2.02467e-07	2.5502e-07	0.1
7.64028	0.593257	0.293477	0.404553	0.6	0.3	0.4	-4.37599e-08	1.23211e-07	3.40247e-07	3.64505e-07	0.1
7.65002	0.593257	0.293477	0.404553	0.6	0.3	0.4	0	0	0	0	0.1
7.66107	0.593257	0.293477	0.404553	0.6	0.3	0.4	2.81836e-08	-2.65166e-08	1.93028e-07	1.96868e-07	0.1
7.67019	0.593257	0.293477	0.404553	0.6	0.3	0.4	-2.68845e-08	-1.34576e-07	2.92088e-07	3.22721e-07	0.1
7.68006	0.593257	0.293477	0.404553	0.6	0.3	0.4	-1.3145e-07	6.79855e-09	-3.7462e-07	3.97071e-07	0.1
7.69043	0.593257	0.293477	0.404553	0.6	0.3	0.4	-2.68469e-07	7.93805e-08	-1.72153e-07	3.28655e-07	0.1
7.70001	0.593257	0.293477	0.404553	0.6	0.3	0.4	-3.81909e-08	5.74281e-08	-2.3684e-07	2.46677e-07	0.1
7.71008	0.593257	0.293477	0.404553	0.6	0.3	0.4	-4.67077e-07	4.6864e-07	-2.75721e-07	7.16803e-07	0.1
7.72263	0.593257	0.293477	0.404553	0.6	0.3	0.4	-5.2157e-08	-1.00505e-07	5.50869e-08	1.25921e-07	0.1
7.73006	0.593257	0.293477	0.404553	0.6	0.3	0.4	-1.35409e-07	-1.82047e-07	-3.88806e-08	2.30192e-07	0.1
7.74139	0.593257	0.293477	0.404553	0.6	0.3	0.4	5.21568e-08	1.00505e-07	-5.50871e-08	1.25922e-07	0.1
7.75084	0.593257	0.293477	0.404553	0.6	0.3	0.4	-2.52639e-07	6.35752e-08	-2.16287e-07	3.38598e-07	0.1
7.76025	0.593257	0.293477	0.404553	0.6	0.3	0.4	-1.28539e-07	1.43517e-08	-4.18593e-07	4.38119e-07	0.1
7.7708	0.593257	0.293477	0.404553	0.6	0.3	0.4	-2.55286e-07	5.35829e-07	2.3684e-07	6.39044e-07	0.1
7.78057	0.593257	0.293477	0.404553	0.6	0.3	0.4	6.0552e-08	-9.90518e-08	5.17814e-07	5.30669e-07	0.1
7.79012	0.593257	0.293477	0.404553	0.6	0.3	0.4	-7.08988e-08	-9.22533e-08	1.43194e-07	1.84505e-07	0.1
7.80003	0.593257	0.293477	0.404553	0.6	0.3	0.4	-1.34107e-07	8.01353e-08	1.58493e-07	2.22546e-07	0.1
7.81004	0.593257	0.293477	0.404553	0.6	0.3	0.4	-3.52795e-08	6.49814e-08	-2.80813e-07	2.90385e-07	0.1
7.82344	0.593257	0.293477	0.404553	0.6	0.3	0.4	4.11024e-08	-4.98748e-08	1.92867e-07	2.03407e-07	0.1
7.83022	0.593257	0.293477	0.404553	0.6	0.3	0.4	6.34633e-08	-9.14988e-08	4.73841e-07	4.8675e-07	0.1
7.84065	0.593257	0.293477	0.404553	0.6	0.3	0.4	-4.11027e-08	4.98755e-08	-1.92867e-07	2.03408e-07	0.1
7.85043	0.593257	0.293477	0.404553	0.6	0.3	0.4	-2.20271e-07	-8.95953e-09	1.08499e-07	2.45707e-07	0.1
7.86064	0.593257	0.293477	0.404553	0.6	0.3	0.4	-1.21443e-07	-2.41131e-08	-3.30808e-07	3.53219e-07	0.1
7.87014	0.593257	0.293477	0.404553	0.6	0.3	0.4	-1.48328e-07	-1.58688e-07	-3.872e-08	2.2064e-07	0.1
7.88005	0.593257	0.293477	0.404553	0.6	0.3	0.4	2.91155e-09	7.5531e-09	-4.39731e-08	4.4712e-08	0.1
7.89426	0.593257	0.293477	0.404553	0.6	0.3	0.4	-1.1562e-07	-9.00676e-09	-4.18754e-07	4.34516e-07	0.1
7.90008	0.593257	0.293477	0.404553	0.6	0.3	0.4	-1.21189e-07	5.67772e-08	1.58333e-07	2.07316e-07	0.1
7.9111	0.593257	0.293477	0.404553	0.6	0.3	0.4	-4.729e-07	4.53533e-07	-1.87775e-07	6.81605e-07	0.1
7.92038	0.593257	0.293477	0.404553	0.6	0.3	0.4	-1.3832e-07	-1.89599e-07	5.09222e-09	2.34747e-07	0.1
7.93018	0.593257	0.293477	0.404553	0.6	0.3	0.4	3.81909e-08	-5.74283e-08	2.3684e-07	2.46678e-07	0.1
7.94003	0.593257	0.293477	0.404553	0.6	0.3	0.4	-2.24456e-07	3.70591e-08	-2.32595e-08	2.2868e-07	0.1
7.95004	0.593257	0.293477	0.404553	0.6	0.3	0.4	-1.44115e-07	1.11046e-07	1.14682e-07	2.15064e-07	0.1
7.96048	0.593257	0.293477	0.404553	0.6	0.3	0.4	-1.18531e-07	-1.656e-08	-3.74781e-07	3.93427e-07	0.1
7.97011	0.593257	0.293477	0.404553	0.6	0.3	0.4	-5.79799e-08	-1.15611e-07	1.43033e-07	1.92837e-07	0.1
7.98008	0.593257	0.293477	0.404553	0.6	0.3	0.4	-2.97963e-08	-1.42128e-07	3.36061e-07	3.66094e-07	0.1
7.99002	0.593257	0.293477	0.404553	0.6	0.3	0.4	-4.67077e-07	4.68639e-07	-2.75721e-07	7.16802e-07	0.1
8.00081	0.593257	0.293477	0.404553	0.6	0.3	0.4	-4.0849e-08	1.30765e-07	2.96274e-07	3.26414e-07	0.1
8.01164	0.593257	0.293477	0.404553	0.6	0.3	0.4	6.50757e-08	7.71464e-08	-5.52478e-08	1.1506e-07	0.1
8.02265	0.593257	0.293477	0.404553	0.6	0.3	0.4	-6.79872e-08	-8.46996e-08	9.9221e-08	1.47109e-07	0.1
8.0302	0.593257	0.293477	0.404553	0.6	0.3	0.4	-3.23273e-07	4.51129e-07	3.36061e-07	6.48815e-07	0.1
8.04051	0.593257	0.293477	0.404553	0.6	0.3	0.4	-9.03479e-08	-4.30767e-08	-1.81753e-07	2.07491e-07	0.1
8.05008	0.593257	0.293477	0.404553	0.6	0.3	0.4	-4.0849e-08	1.30765e-07	2.96274e-07	3.26414e-07	0.1
8.06067	0.593257	0.293477	0.404553	0.6	0.3	0.4	-2.91146e-09	-7.55328e-09	4.39732e-08	4.4712e-08	0.1
8.07267	0.593257	0.293477	0.404553	0.6	0.3	0.4	-5.50684e-08	-1.08058e-07	9.906e-08	1.56595e-07	0.1
8.08001	0.593257	0.293477	0.404553	0.6	0.3	0.4	-1.45416e-07	-1.51135e-07	-8.26928e-08	2.25446e-07	0.1
8.09115	0.593257	0.293477	0.404553	0.6	0.3	0.4	-1.18532e-07	-1.65598e-08	-3.74781e-07	3.93427e-07	0.1
8.10002	0.593257	0.293477	0.404553	0.6	0.3	0.4	-1.37019e-07	7.25817e-08	2.02467e-07	2.5502e-07	0.1
8.11007	0.593257	0.293477	0.404553	0.6	0.3	0.4	-3.81909e-08	5.74281e-08	-2.3684e-07	2.46677e-07	0.1
8.12258	0.593257	0.293477	0.404553	0.6	0.3	0.4	2.81836e-08	-2.65166e-08	1.93028e-07	1.96868e-07	0.1
8.132	0.593257	0.293477	0.404553	0.6	0.3	0.4	-2.68843e-08	-1.34575e-07	2.92088e-07	3.22721e-07	0.1
8.14007	0.593257	0.293477	0.404553	0.6	0.3	0.4	-1.21443e-07	-2.41129e-08	-3.30808e-07	3.53219e-07	0.1
8.15012	0.593257	0.293477	0.404553	0.6	0.3	0.4	2.3971e-07	-4.39134e-07	2.96434e-07	5.81526e-07	0.1
8.16054	0.593257	0.293477	0.404553	0.6	0.3	0.4	-2.52721e-08	3.40699e-08	-2.37001e-07	2.40767e-07	0.1
8.17063	0.593257	0.293477	0.404553	0.6	0.3	0.4	2.81836e-08	-2.65166e-08	1.93028e-07	1.96868e-07	0.1
8.18025	0.593257	0.293477	0.404553	0.6	0.3	0.4	-2.07088e-07	4.47488e-07	5.17492e-07	7.14793e-07	0.1
8.19016	0.593257	0.293477	0.404553	0.6	0.3	0.4	-2.81837e-08	2.65171e-08	-1.93028e-07	1.96869e-07	0.1
8.20019	0.593257	0.293477	0.404553	0.6	0.3	0.4	-1.34107e-07	8.01353e-08	1.58493e-07	2.22546e-07	0.1
8.21015	0.593257	0.293477	0.404553	0.6	0.3	0.4	-2.08879e-07	-5.96363e-08	-5.56534e-07	5.97426e-07	0.1
8.22041	0.593257	0.293477	0.404553	0.6	0.3	0.4	4.11024e-08	-4.98748e-08	1.92867e-07	2.03407e-07	0.1
8.23011	0.593257	0.293477	0.404553	0.6	0.3	0.4	3.52796e-08	-6.49817e-08	2.80813e-07	2.90385e-07	0.1
8.24042	0.593257	0.293477	0.404553	0.6	0.3	0.4	-2.30278e-07	2.19524e-08	6.46867e-08	2.40197e-07	0.1
8.25081	0.593257	0.293477	0.404553	0.6	0.3	0.4	-1.08836e-07	4.60651e-08	3.95495e-07	4.12775e-07	0.1
8.26009	0.593257	0.293477	0.404553	0.6	0.3	0.4	-1.83607e-07	-9.37062e-08	-3.19533e-07	3.80255e-07	0.1
8.27026	0.593257	0.293477	0.404553	0.6	0.3	0.4	-1.45416e-07	-1.51135e-07	-8.26928e-08	2.25446e-07	0.1
8.28015	0.593257	0.293477	0.404553	0.6	0.3	0.4	-1.05613e-07	-3.99184e-08	-3.74942e-07	3.91572e-07	0.1
8.29379	0.593257	0.293477	0.404553	0.6	0.3	0.4	-2.04441e-07	-2.47641e-08	6.43648e-08	2.1576e-07	0.1
8.30003	0.593257	0.293477	0.404553	0.6	0.3	0.4	-1.241e-07	4.92234e-08	2.02306e-07	2.42387e-07	0.1
8.31497	0.593257	0.293477	0.404553	0.6	0.3	0.4	-4.28885e-07	4.11211e-07	-3.88809e-08	5.9544e-07	0.1
8.32029	0.593257	0.293477	0.404553	0.6	0.3	0.4	-1.96526e-07	-7.03484e-08	-3.19372e-07	3.81536e-07	0.1
8.33099	0.593257	0.293477	0.404553	0.6	0.3	0.4	-1.47027e-07	1.03494e-07	1.58654e-07	2.3979e-07	0.1
8.34212	0.593257	0.293477	0.404553	0.6	0.3	0.4	-1.49938e-07	9.59398e-08	2.02628e-07	2.69711e-07	0.1
8.35001	0.593257	0.293477	0.404553	0.6	0.3	0.4	-9.32593e-08	-5.06297e-08	-1.3778e-07	1.73908e-07	0.1
8.36069	0.593257	0.293477	0.404553	0.6	0.3	0.4	-6.79872e-08	-8.46996e-08	9.9221e-08	1.47109e-07	0.1
