0.000338806	0.286731	-5.24738e-12	0.612709	-0.65	-0.45	0.7	-2.18166	-2.96706	-0.523599	1.39626	0	3.66519
0.0140999	0.279272	-0.0047595	0.614822	-0.65	-0.45	0.7	-2.17298	-2.96706	-0.523599	1.35732	0	3.66519
0.0200466	0.272686	-0.00893192	0.616701	-0.65	-0.45	0.7	-2.16697	-2.96706	-0.523599	1.32656	0	3.66519
0.0305838	0.268778	-0.0114029	0.617818	-0.65	-0.45	0.7	-2.16388	-2.96706	-0.523599	1.30943	0	3.66519
0.0402192	0.24229	-0.0280549	0.62533	-0.65	-0.45	0.7	-2.14807	-2.96706	-0.523599	1.20765	0	3.66519
0.0500074	0.220113	-0.0419618	0.631452	-0.65	-0.45	0.7	-2.13864	-2.96706	-0.523599	1.13649	0	3.66519
0.0611599	0.211551	-0.0473518	0.633764	-0.65	-0.45	0.7	-2.13546	-2.96706	-0.523599	1.11177	0	3.66519
0.0700667	0.200601	-0.0542826	0.636676	-0.65	-0.45	0.7	-2.13155	-2.96706	-0.523599	1.0822	0	3.66519
0.0802478	0.153259	-0.0851065	0.648664	-0.65	-0.45	0.7	-2.11392	-2.96706	-0.523599	0.979445	0	3.66519
0.0902424	0.13314	-0.0989154	0.653541	-0.65	-0.45	0.7	-2.10431	-2.96706	-0.523599	0.948152	0	3.66519
0.106494	0.0965477	-0.1258	0.662395	-0.65	-0.45	0.7	-2.08013	-2.96706	-0.523599	0.912183	0	3.66519
0.112963	0.0882534	-0.132291	0.664446	-0.65	-0.45	0.7	-2.07309	-2.96706	-0.523599	0.908189	0	3.66519
0.120742	0.0681084	-0.148777	0.669652	-0.65	-0.45	0.7	-2.05281	-2.96706	-0.523599	0.905362	0	3.66519
0.13069	0.0661395	-0.150446	0.670183	-0.65	-0.45	0.7	-2.05057	-2.96706	-0.523599	0.905629	0	3.66519
0.141962	0.0468714	-0.167346	0.675669	-0.65	-0.45	0.7	-2.02589	-2.96706	-0.523599	0.91358	0	3.66519
0.150508	0.0118963	-0.20041	0.687315	-0.65	-0.45	0.7	-1.96799	-2.96706	-0.523599	0.952359	0	3.66519
0.160351	-0.00602978	-0.218184	0.694267	-0.65	-0.45	0.7	-1.93207	-2.96706	-0.523599	0.983196	0	3.66519
0.170836	-0.022109	-0.234264	0.701043	-0.65	-0.45	0.7	-1.8969	-2.96706	-0.523599	1.01578	0	3.66519
0.180097	-0.0310754	-0.243179	0.705007	-0.65	-0.45	0.7	-1.87634	-2.96706	-0.523599	1.03549	0	3.66519
0.190895	-0.0546564	-0.266129	0.715923	-0.65	-0.45	0.7	-1.81997	-2.96706	-0.523599	1.09107	0	3.66519
0.200367	-0.0788383	-0.288388	0.727485	-0.65	-0.45	0.7	-1.76042	-2.96706	-0.523599	1.15094	0	3.66519
0.213563	-0.0864193	-0.295025	0.73112	-0.65	-0.45	0.7	-1.74167	-2.96706	-0.523599	1.1699	0	3.66519
0.220248	-0.113462	-0.317222	0.743924	-0.65	-0.45	0.7	-1.67524	-2.96706	-0.523599	1.23727	0	3.66519
0.230641	-0.137168	-0.334704	0.754752	-0.65	-0.45	0.7	-1.61818	-2.96706	-0.523599	1.2953	0	3.66519
0.241127	-0.153138	-0.345426	0.761742	-0.65	-0.45	0.7	-1.58066	-2.96706	-0.523599	1.33363	0	3.66519
0.251491	-0.179144	-0.361113	0.772516	-0.65	-0.45	0.7	-1.52135	-2.96706	-0.523599	1.39471	0	3.66519
0.26281	-0.189095	-0.36655	0.776426	-0.65	-0.45	0.7	-1.49926	-2.96706	-0.523599	1.41768	0	3.66519
0.270691	-0.216552	-0.379988	0.786571	-0.65	-0.45	0.7	-1.44014	-2.96706	-0.523599	1.48003	0	3.66519
0.280458	-0.235587	-0.388002	0.793032	-0.65	-0.45	0.7	-1.40073	-2.96706	-0.523599	1.52254	0	3.66519
0.291438	-0.250345	-0.393506	0.797708	-0.65	-0.45	0.7	-1.37109	-2.96706	-0.523599	1.55518	0	3.66519
0.300137	-0.271532	-0.400354	0.803894	-0.65	-0.45	0.7	-1.32995	-2.96706	-0.523599	1.60169	0	3.66519
0.310716	-0.279975	-0.402745	0.806181	-0.65	-0.45	0.7	-1.31405	-2.96706	-0.523599	1.62014	0	3.66519
0.320077	-0.303815	-0.408475	0.812057	-0.65	-0.45	0.7	-1.27073	-2.96706	-0.523599	1.67212	0	3.66519
0.330244	-0.318396	-0.411249	0.815199	-0.65	-0.45	0.7	-1.24548	-2.96706	-0.523599	1.70389	0	3.66519
0.340034	-0.326622	-0.412572	0.816805	-0.65	-0.45	0.7	-1.23171	-2.96706	-0.523599	1.72182	0	3.66519
0.350766	-0.344275	-0.414833	0.819801	-0.65	-0.45	0.7	-1.20347	-2.96706	-0.523599	1.7604	0	3.66519
0.360014	-0.355572	-0.415869	0.821347	-0.65	-0.45	0.7	-1.18651	-2.96706	-0.523599	1.78519	0	3.66519
0.370579	-0.366768	-0.416587	0.822535	-0.65	-0.45	0.7	-1.17076	-2.96706	-0.523599	1.80986	0	3.66519
0.380049	-0.375005	-0.416921	0.823147	-0.65	-0.45	0.7	-1.16	-2.96706	-0.523599	1.82809	0	3.66519
0.390829	-0.38324	-0.417094	0.823487	-0.65	-0.45	0.7	-1.15012	-2.96706	-0.523599	1.84639	0	3.66519
0.40058	-0.390558	-0.417116	0.823507	-0.65	-0.45	0.7	-1.14227	-2.96706	-0.523599	1.86274	0	3.66519
0.410349	-0.397023	-0.417036	0.823245	-0.65	-0.45	0.7	-1.13628	-2.96706	-0.523599	1.87726	0	3.66519
0.420094	-0.401073	-0.416941	0.822911	-0.65	-0.45	0.7	-1.13311	-2.96706	-0.523599	1.8864	0	3.66519
0.430068	-0.407642	-0.416716	0.82201	-0.65	-0.45	0.7	-1.1292	-2.96706	-0.523599	1.90134	0	3.66519
0.440028	-0.411921	-0.416528	0.821099	-0.65	-0.45	0.7	-1.12779	-2.96706	-0.523599	1.91117	0	3.66519
0.450391	-0.415604	-0.416343	0.820036	-0.65	-0.45	0.7	-1.12755	-2.96706	-0.523599	1.91972	0	3.66519
0.460159	-0.41786	-0.416222	0.819214	-0.65	-0.45	0.7	-1.12802	-2.96706	-0.523599	1.92502	0	3.66519
0.470894	-0.421415	-0.416022	0.817552	-0.65	-0.45	0.7	-1.13006	-2.96706	-0.523599	1.93353	0	3.66519
0.480679	-0.423654	-0.415897	0.81618	-0.65	-0.45	0.7	-1.13253	-2.96706	-0.523599	1.93904	0	3.66519
0.49043	-0.42552	-0.415796	0.81475	-0.65	-0.45	0.7	-1.13562	-2.96706	-0.523599	1.9438	0	3.66519
0.500183	-0.42706	-0.41572	0.813281	-0.65	-0.45	0.7	-1.13922	-2.96706	-0.523599	1.94789	0	3.66519
0.510932	-0.428316	-0.415668	0.811791	-0.65	-0.45	0.7	-1.14324	-2.96706	-0.523599	1.95143	0	3.66519
0.52013	-0.429324	-0.415638	0.810292	-0.65	-0.45	0.7	-1.14757	-2.96706	-0.523599	1.95449	0	3.66519
0.530472	-0.430122	-0.415628	0.808798	-0.65	-0.45	0.7	-1.15215	-2.96706	-0.523599	1.95716	0	3.66519
0.542228	-0.430844	-0.415638	0.807028	-0.65	-0.45	0.7	-1.15785	-2.96706	-0.523599	1.95994	0	3.66519
0.550096	-0.431207	-0.415658	0.805869	-0.65	-0.45	0.7	-1.16174	-2.96706	-0.523599	1.96159	0	3.66519
0.561814	-0.431459	-0.415681	0.804872	-0.65	-0.45	0.7	-1.16515	-2.96706	-0.523599	1.96292	0	3.66519
0.570499	-0.431792	-0.415739	0.803074	-0.65	-0.45	0.7	-1.1715	-2.96706	-0.523599	1.96518	0	3.66519
0.580262	-0.43195	-0.415794	0.801742	-0.65	-0.45	0.7	-1.17633	-2.96706	-0.523599	1.96677	0	3.66519
0.590468	-0.432022	-0.415837	0.80084	-0.65	-0.45	0.7	-1.17967	-2.96706	-0.523599	1.96783	0	3.66519
0.600772	-0.432088	-0.415924	0.799231	-0.65	-0.45	0.7	-1.18573	-2.96706	-0.523599	1.96971	0	3.66519
0.610546	-0.432093	-0.415996	0.798056	-0.65	-0.45	0.7	-1.19024	-2.96706	-0.523599	1.97111	0	3.66519
0.62031	-0.43207	-0.416071	0.796936	-0.65	-0.45	0.7	-1.19462	-2.96706	-0.523599	1.97248	0	3.66519
0.630081	-0.432027	-0.416149	0.795869	-0.65	-0.45	0.7	-1.19884	-2.96706	-0.523599	1.97383	0	3.66519
0.640026	-0.432	-0.416189	0.795357	-0.65	-0.45	0.7	-1.2009	-2.96706	-0.523599	1.97451	0	3.66519
0.650589	-0.431906	-0.416311	0.793896	-0.65	-0.45	0.7	-1.20682	-2.96706	-0.523599	1.97654	0	3.66519
0.660357	-0.431837	-0.416394	0.792985	-0.65	-0.45	0.7	-1.21057	-2.96706	-0.523599	1.97789	0	3.66519
0.670126	-0.431768	-0.416477	0.792123	-0.65	-0.45	0.7	-1.21416	-2.96706	-0.523599	1.97926	0	3.66519
0.680195	-0.431707	-0.416553	0.791386	-0.65	-0.45	0.7	-1.21726	-2.96706	-0.523599	1.9805	0	3.66519
0.690621	-0.431641	-0.416637	0.790609	-0.65	-0.45	0.7	-1.22057	-2.96706	-0.523599	1.98188	0	3.66519
0.700383	-0.431573	-0.41673	0.7898	-0.65	-0.45	0.7	-1.22404	-2.96706	-0.523599	1.98341	0	3.66519
0.710342	-0.431515	-0.416815	0.789104	-0.65	-0.45	0.7	-1.22706	-2.96706	-0.523599	1.9848	0	3.66519
0.720931	-0.431455	-0.41691	0.788379	-0.65	-0.45	0.7	-1.23023	-2.96706	-0.523599	1.98634	0	3.66519
0.730034	-0.431409	-0.416987	0.787814	-0.65	-0.45	0.7	-1.23273	-2.96706	-0.523599	1.9876	0	3.66519
0.740463	-0.431361	-0.417074	0.787213	-0.65	-0.45	0.7	-1.2354	-2.96706	-0.523599	1.98899	0	3.66519
0.750047	-0.431324	-0.417144	0.786751	-0.65	-0.45	0.7	-1.23747	-2.96706	-0.523599	1.99009	0	3.66519
0.760295	-0.431291	-0.417206	0.78636	-0.65	-0.45	0.7	-1.23923	-2.96706	-0.523599	1.99106	0	3.66519
0.770011	-0.431237	-0.417314	0.785715	-0.65	-0.45	0.7	-1.24216	-2.96706	-0.523599	1.9927	0	3.66519
0.78013	-0.431209	-0.417369	0.785402	-0.65	-0.45	0.7	-1.24358	-2.96706	-0.523599	1.99351	0	3.66519
0.790231	-0.431127	-0.417527	0.784552	-0.65	-0.45	0.7	-1.24748	-2.96706	-0.523599	1.99578	0	3.66519
0.800035	-0.431097	-0.417584	0.784262	-0.65	-0.45	0.7	-1.24881	-2.96706	-0.523599	1.99657	0	3.66519
0.810403	-0.431048	-0.417671	0.783837	-0.65	-0.45	0.7	-1.25077	-2.96706	-0.523599	1.99773	0	3.66519
0.820511	-0.43096	-0.417821	0.783148	-0.65	-0.45	0.7	-1.25396	-2.96706	-0.523599	1.99963	0	3.66519
0.830119	-0.430895	-0.417924	0.782701	-0.65	-0.45	0.7	-1.25603	-2.96706	-0.523599	2.00087	0	3.66519
0.84177	-0.430824	-0.41803	0.782262	-0.65	-0.45	0.7	-1.25807	-2.96706	-0.523599	2.00208	0	3.66519
0.85078	-0.430747	-0.418138	0.78183	-0.65	-0.45	0.7	-1.26007	-2.96706	-0.523599	2.00326	0	3.66519
0.860008	-0.430665	-0.41825	0.781403	-0.65	-0.45	0.7	-1.26205	-2.96706	-0.523599	2.00441	0	3.66519
0.870329	-0.430574	-0.418365	0.780981	-0.65	-0.45	0.7	-1.264	-2.96706	-0.523599	2.00554	0	3.66519
0.880091	-0.430507	-0.418447	0.780689	-0.65	-0.45	0.7	-1.26535	-2.96706	-0.523599	2.00631	0	3.66519
0.890843	-0.430372	-0.418604	0.780149	-0.65	-0.45	0.7	-1.26784	-2.96706	-0.523599	2.00771	0	3.66519
0.900623	-0.43026	-0.418729	0.779737	-0.65	-0.45	0.7	-1.26973	-2.96706	-0.523599	2.00875	0	3.66519
0.910186	-0.430213	-0.41878	0.779572	-0.65	-0.45	0.7	-1.27049	-2.96706	-0.523599	2.00916	0	3.66519
0.920127	-0.430014	-0.418988	0.778918	-0.65	-0.45	0.7	-1.27348	-2.96706	-0.523599	2.01075	0	3.66519
0.930087	-0.429921	-0.419083	0.778632	-0.65	-0.45	0.7	-1.27477	-2.96706	-0.523599	2.01143	0	3.66519
0.943465	-0.429739	-0.419262	0.778103	-0.65	-0.45	0.7	-1.27717	-2.96706	-0.523599	2.01265	0	3.66519
0.950058	-0.429591	-0.419404	0.777697	-0.65	-0.45	0.7	-1.279	-2.96706	-0.523599	2.01356	0	3.66519
0.96042	-0.429545	-0.419447	0.777575	-0.65	-0.45	0.7	-1.27955	-2.96706	-0.523599	2.01383	0	3.66519
0.970017	-0.429292	-0.419682	0.776926	-0.65	-0.45	0.7	-1.28245	-2.96706	-0.523599	2.01522	0	3.66519
0.980414	-0.429108	-0.419849	0.77648	-0.65	-0.45	0.7	-1.28444	-2.96706	-0.523599	2.01615	0	3.66519
0.990759	-0.429005	-0.419941	0.776237	-0.65	-0.45	0.7	-1.28551	-2.96706	-0.523599	2.01664	0	3.66519
1.00022	-0.428756	-0.420161	0.775669	-0.65	-0.45	0.7	-1.28801	-2.96706	-0.523599	2.01776	0	3.66519
1.01097	-0.428572	-0.420321	0.775263	-0.65	-0.45	0.7	-1.28979	-2.96706	-0.523599	2.01854	0	3.66519
1.02074	-0.428384	-0.420484	0.774858	-0.65	-0.45	0.7	-1.29156	-2.96706	-0.523599	2.0193	0	3.66519
1.03048	-0.428191	-0.420649	0.774452	-0.65	-0.45	0.7	-1.29331	-2.96706	-0.523599	2.02004	0	3.66519
1.04026	-0.427994	-0.420816	0.774047	-0.65	-0.45	0.7	-1.29506	-2.96706	-0.523599	2.02076	0	3.66519
1.05001	-0.427813	-0.420969	0.773682	-0.65	-0.45	0.7	-1.29663	-2.96706	-0.523599	2.0214	0	3.66519
1.06077	-0.427589	-0.421158	0.773236	-0.65	-0.45	0.7	-1.29853	-2.96706	-0.523599	2.02217	0	3.66519
1.07052	-0.427464	-0.421262	0.772993	-0.65	-0.45	0.7	-1.29956	-2.96706	-0.523599	2.02257	0	3.66519
1.08129	-0.427401	-0.421315	0.772871	-0.65	-0.45	0.7	-1.30008	-2.96706	-0.523599	2.02278	0	3.66519
1.09028	-0.426955	-0.421686	0.772022	-0.65	-0.45	0.7	-1.30366	-2.96706	-0.523599	2.02416	0	3.66519
1.10084	-0.42674	-0.421865	0.771618	-0.65	-0.45	0.7	-1.30536	-2.96706	-0.523599	2.02479	0	3.66519
1.11011	-0.426543	-0.422028	0.771255	-0.65	-0.45	0.7	-1.30687	-2.96706	-0.523599	2.02536	0	3.66519
1.12033	-0.426302	-0.422227	0.770812	-0.65	-0.45	0.7	-1.30871	-2.96706	-0.523599	2.02603	0	3.66519
1.13002	-0.426102	-0.422392	0.770449	-0.65	-0.45	0.7	-1.3102	-2.96706	-0.523599	2.02658	0	3.66519
1.14002	-0.425901	-0.422558	0.770087	-0.65	-0.45	0.7	-1.31169	-2.96706	-0.523599	2.02711	0	3.66519
1.15036	-0.425632	-0.42278	0.769606	-0.65	-0.45	0.7	-1.31366	-2.96706	-0.523599	2.02781	0	3.66519
1.16037	-0.425407	-0.422965	0.769206	-0.65	-0.45	0.7	-1.31529	-2.96706	-0.523599	2.02839	0	3.66519
1.17014	-0.42518	-0.423152	0.768806	-0.65	-0.45	0.7	-1.31691	-2.96706	-0.523599	2.02895	0	3.66519
1.18089	-0.424954	-0.423339	0.768407	-0.65	-0.45	0.7	-1.31852	-2.96706	-0.523599	2.02951	0	3.66519
1.19111	-0.424749	-0.423508	0.768049	-0.65	-0.45	0.7	-1.31996	-2.96706	-0.523599	2.03001	0	3.66519
1.20109	-0.424521	-0.423696	0.767652	-0.65	-0.45	0.7	-1.32155	-2.96706	-0.523599	2.03055	0	3.66519
1.21019	-0.424293	-0.423884	0.767256	-0.65	-0.45	0.7	-1.32313	-2.96706	-0.523599	2.03108	0	3.66519
1.22093	-0.424043	-0.424091	0.766822	-0.65	-0.45	0.7	-1.32485	-2.96706	-0.523599	2.03166	0	3.66519
1.23001	-0.423837	-0.424261	0.766468	-0.65	-0.45	0.7	-1.32626	-2.96706	-0.523599	2.03213	0	3.66519
1.24046	-0.423701	-0.424374	0.766232	-0.65	-0.45	0.7	-1.32719	-2.96706	-0.523599	2.03244	0	3.66519
1.25019	-0.423359	-0.424657	0.765645	-0.65	-0.45	0.7	-1.32949	-2.96706	-0.523599	2.03321	0	3.66519
1.26096	-0.423109	-0.424864	0.765216	-0.65	-0.45	0.7	-1.33117	-2.96706	-0.523599	2.03376	0	3.66519
1.27007	-0.422905	-0.425034	0.764866	-0.65	-0.45	0.7	-1.33253	-2.96706	-0.523599	2.03421	0	3.66519
1.28052	-0.422679	-0.425222	0.764479	-0.65	-0.45	0.7	-1.33404	-2.96706	-0.523599	2.0347	0	3.66519
1.29027	-0.422476	-0.425391	0.764132	-0.65	-0.45	0.7	-1.33538	-2.96706	-0.523599	2.03514	0	3.66519
1.30003	-0.422229	-0.425597	0.763709	-0.65	-0.45	0.7	-1.33701	-2.96706	-0.523599	2.03566	0	3.66519
1.3101	-0.422117	-0.42569	0.763517	-0.65	-0.45	0.7	-1.33775	-2.96706	-0.523599	2.0359	0	3.66519
1.32001	-0.421783	-0.425969	0.762944	-0.65	-0.45	0.7	-1.33994	-2.96706	-0.523599	2.03661	0	3.66519
1.33008	-0.421628	-0.4261	0.762678	-0.65	-0.45	0.7	-1.34096	-2.96706	-0.523599	2.03694	0	3.66519
1.34006	-0.421342	-0.42634	0.762185	-0.65	-0.45	0.7	-1.34283	-2.96706	-0.523599	2.03755	0	3.66519
1.35083	-0.421122	-0.426524	0.761808	-0.65	-0.45	0.7	-1.34426	-2.96706	-0.523599	2.038	0	3.66519
1.36152	-0.420992	-0.426634	0.761583	-0.65	-0.45	0.7	-1.34511	-2.96706	-0.523599	2.03828	0	3.66519
1.3701	-0.420775	-0.426817	0.761208	-0.65	-0.45	0.7	-1.34652	-2.96706	-0.523599	2.03873	0	3.66519
1.3801	-0.420494	-0.427054	0.760723	-0.65	-0.45	0.7	-1.34835	-2.96706	-0.523599	2.03932	0	3.66519
1.39184	-0.420258	-0.427254	0.760315	-0.65	-0.45	0.7	-1.34987	-2.96706	-0.523599	2.0398	0	3.66519
1.40008	-0.420045	-0.427434	0.759946	-0.65	-0.45	0.7	-1.35125	-2.96706	-0.523599	2.04025	0	3.66519
1.41078	-0.419877	-0.427577	0.759651	-0.65	-0.45	0.7	-1.35234	-2.96706	-0.523599	2.0406	0	3.66519
1.42014	-0.419687	-0.427739	0.759322	-0.65	-0.45	0.7	-1.35357	-2.96706	-0.523599	2.04099	0	3.66519
1.43008	-0.419541	-0.427863	0.759066	-0.65	-0.45	0.7	-1.35451	-2.96706	-0.523599	2.04129	0	3.66519
1.44002	-0.419209	-0.428146	0.758485	-0.65	-0.45	0.7	-1.35666	-2.96706	-0.523599	2.04198	0	3.66519
1.45068	-0.418983	-0.428339	0.758088	-0.65	-0.45	0.7	-1.35811	-2.96706	-0.523599	2.04245	0	3.66519
1.46119	-0.418881	-0.428427	0.757909	-0.65	-0.45	0.7	-1.35877	-2.96706	-0.523599	2.04266	0	3.66519
1.47043	-0.418658	-0.428618	0.757515	-0.65	-0.45	0.7	-1.36021	-2.96706	-0.523599	2.04312	0	3.66519
1.4807	-0.418397	-0.428843	0.757053	-0.65	-0.45	0.7	-1.3619	-2.96706	-0.523599	2.04367	0	3.66519
1.49047	-0.418196	-0.429016	0.756695	-0.65	-0.45	0.7	-1.3632	-2.96706	-0.523599	2.04409	0	3.66519
1.50025	-0.418018	-0.42917	0.756378	-0.65	-0.45	0.7	-1.36435	-2.96706	-0.523599	2.04446	0	3.66519
1.51015	-0.417803	-0.429356	0.755993	-0.65	-0.45	0.7	-1.36574	-2.96706	-0.523599	2.04491	0	3.66519
1.52057	-0.417686	-0.429457	0.755784	-0.65	-0.45	0.7	-1.3665	-2.96706	-0.523599	2.04516	0	3.66519
1.53007	-0.417437	-0.429674	0.755333	-0.65	-0.45	0.7	-1.36812	-2.96706	-0.523599	2.04569	0	3.66519
1.54027	-0.417228	-0.429857	0.754954	-0.65	-0.45	0.7	-1.36948	-2.96706	-0.523599	2.04613	0	3.66519
1.55006	-0.417058	-0.430005	0.754645	-0.65	-0.45	0.7	-1.37058	-2.96706	-0.523599	2.04649	0	3.66519
1.56142	-0.416891	-0.430152	0.754339	-0.65	-0.45	0.7	-1.37168	-2.96706	-0.523599	2.04685	0	3.66519
1.57028	-0.41678	-0.43025	0.754135	-0.65	-0.45	0.7	-1.37241	-2.96706	-0.523599	2.04709	0	3.66519
1.58006	-0.416504	-0.430493	0.753628	-0.65	-0.45	0.7	-1.37421	-2.96706	-0.523599	2.04768	0	3.66519
1.59105	-0.416305	-0.430668	0.75326	-0.65	-0.45	0.7	-1.37551	-2.96706	-0.523599	2.04812	0	3.66519
1.60008	-0.416144	-0.430811	0.75296	-0.65	-0.45	0.7	-1.37657	-2.96706	-0.523599	2.04847	0	3.66519
1.61188	-0.415913	-0.431016	0.75253	-0.65	-0.45	0.7	-1.37809	-2.96706	-0.523599	2.04898	0	3.66519
1.6204	-0.41579	-0.431126	0.752299	-0.65	-0.45	0.7	-1.3789	-2.96706	-0.523599	2.04925	0	3.66519
1.63011	-0.415599	-0.431296	0.751939	-0.65	-0.45	0.7	-1.38017	-2.96706	-0.523599	2.04968	0	3.66519
1.64087	-0.415427	-0.431451	0.751613	-0.65	-0.45	0.7	-1.38131	-2.96706	-0.523599	2.05006	0	3.66519
1.6503	-0.415325	-0.431543	0.751419	-0.65	-0.45	0.7	-1.38199	-2.96706	-0.523599	2.05029	0	3.66519
1.66319	-0.415122	-0.431725	0.751033	-0.65	-0.45	0.7	-1.38333	-2.96706	-0.523599	2.05075	0	3.66519
1.67018	-0.414922	-0.431905	0.750649	-0.65	-0.45	0.7	-1.38467	-2.96706	-0.523599	2.0512	0	3.66519
1.68003	-0.41479	-0.432025	0.750395	-0.65	-0.45	0.7	-1.38555	-2.96706	-0.523599	2.05151	0	3.66519
1.69233	-0.41461	-0.432188	0.750049	-0.65	-0.45	0.7	-1.38675	-2.96706	-0.523599	2.05192	0	3.66519
1.70088	-0.414449	-0.432335	0.749735	-0.65	-0.45	0.7	-1.38784	-2.96706	-0.523599	2.0523	0	3.66519
1.7102	-0.414273	-0.432495	0.749392	-0.65	-0.45	0.7	-1.38902	-2.96706	-0.523599	2.05271	0	3.66519
1.72099	-0.414115	-0.43264	0.749082	-0.65	-0.45	0.7	-1.39009	-2.96706	-0.523599	2.05308	0	3.66519
1.73073	-0.413959	-0.432783	0.748775	-0.65	-0.45	0.7	-1.39115	-2.96706	-0.523599	2.05345	0	3.66519
1.74024	-0.413882	-0.432854	0.748622	-0.65	-0.45	0.7	-1.39167	-2.96706	-0.523599	2.05363	0	3.66519
1.75005	-0.413729	-0.432996	0.748317	-0.65	-0.45	0.7	-1.39271	-2.96706	-0.523599	2.054	0	3.66519
1.76002	-0.413546	-0.433164	0.747955	-0.65	-0.45	0.7	-1.39396	-2.96706	-0.523599	2.05444	0	3.66519
1.77002	-0.413367	-0.433331	0.747595	-0.65	-0.45	0.7	-1.39518	-2.96706	-0.523599	2.05488	0	3.66519
1.78056	-0.413204	-0.433482	0.747267	-0.65	-0.45	0.7	-1.3963	-2.96706	-0.523599	2.05528	0	3.66519
1.79029	-0.413145	-0.433536	0.747149	-0.65	-0.45	0.7	-1.3967	-2.96706	-0.523599	2.05543	0	3.66519
1.80006	-0.412913	-0.433753	0.746678	-0.65	-0.45	0.7	-1.3983	-2.96706	-0.523599	2.056	0	3.66519
1.81118	-0.412756	-0.433901	0.746357	-0.65	-0.45	0.7	-1.39939	-2.96706	-0.523599	2.0564	0	3.66519
1.82056	-0.412671	-0.433981	0.746184	-0.65	-0.45	0.7	-1.39998	-2.96706	-0.523599	2.05661	0	3.66519
1.83033	-0.412531	-0.434113	0.745895	-0.65	-0.45	0.7	-1.40095	-2.96706	-0.523599	2.05697	0	3.66519
1.84009	-0.412406	-0.43423	0.745638	-0.65	-0.45	0.7	-1.40182	-2.96706	-0.523599	2.05728	0	3.66519
1.85028	-0.412337	-0.434296	0.745495	-0.65	-0.45	0.7	-1.4023	-2.96706	-0.523599	2.05746	0	3.66519
1.8606	-0.41208	-0.43454	0.744958	-0.65	-0.45	0.7	-1.40411	-2.96706	-0.523599	2.05813	0	3.66519
1.87011	-0.411987	-0.434629	0.744762	-0.65	-0.45	0.7	-1.40477	-2.96706	-0.523599	2.05837	0	3.66519
1.88013	-0.411855	-0.434756	0.744484	-0.65	-0.45	0.7	-1.4057	-2.96706	-0.523599	2.05872	0	3.66519
1.89003	-0.411698	-0.434906	0.744152	-0.65	-0.45	0.7	-1.40681	-2.96706	-0.523599	2.05914	0	3.66519
1.90002	-0.411556	-0.435042	0.743851	-0.65	-0.45	0.7	-1.40782	-2.96706	-0.523599	2.05952	0	3.66519
1.91042	-0.41143	-0.435165	0.743579	-0.65	-0.45	0.7	-1.40872	-2.96706	-0.523599	2.05986	0	3.66519
1.92008	-0.411304	-0.435286	0.743309	-0.65	-0.45	0.7	-1.40962	-2.96706	-0.523599	2.06021	0	3.66519
1.93008	-0.41118	-0.435407	0.743041	-0.65	-0.45	0.7	-1.41051	-2.96706	-0.523599	2.06055	0	3.66519
1.94008	-0.411058	-0.435527	0.742775	-0.65	-0.45	0.7	-1.41139	-2.96706	-0.523599	2.06089	0	3.66519
1.95045	-0.410937	-0.435645	0.742511	-0.65	-0.45	0.7	-1.41227	-2.96706	-0.523599	2.06123	0	3.66519
1.96021	-0.410854	-0.435727	0.742328	-0.65	-0.45	0.7	-1.41287	-2.96706	-0.523599	2.06146	0	3.66519
1.97097	-0.410712	-0.435866	0.742015	-0.65	-0.45	0.7	-1.41391	-2.96706	-0.523599	2.06187	0	3.66519
1.98028	-0.410642	-0.435936	0.74186	-0.65	-0.45	0.7	-1.41442	-2.96706	-0.523599	2.06207	0	3.66519
1.99048	-0.410469	-0.436108	0.741475	-0.65	-0.45	0.7	-1.41569	-2.96706	-0.523599	2.06257	0	3.66519
2.00018	-0.410378	-0.436198	0.741271	-0.65	-0.45	0.7	-1.41636	-2.96706	-0.523599	2.06283	0	3.66519
2.01121	-0.410231	-0.436344	0.740942	-0.65	-0.45	0.7	-1.41744	-2.96706	-0.523599	2.06326	0	3.66519
2.02008	-0.410143	-0.436433	0.740742	-0.65	-0.45	0.7	-1.4181	-2.96706	-0.523599	2.06352	0	3.66519
2.03118	-0.410033	-0.436543	0.740493	-0.65	-0.45	0.7	-1.41891	-2.96706	-0.523599	2.06385	0	3.66519
2.04029	-0.409914	-0.436663	0.740221	-0.65	-0.45	0.7	-1.4198	-2.96706	-0.523599	2.06421	0	3.66519
2.05005	-0.409839	-0.436739	0.740049	-0.65	-0.45	0.7	-1.42037	-2.96706	-0.523599	2.06444	0	3.66519
2.06118	-0.409722	-0.436857	0.739781	-0.65	-0.45	0.7	-1.42124	-2.96706	-0.523599	2.06479	0	3.66519
2.07017	-0.409596	-0.436984	0.739491	-0.65	-0.45	0.7	-1.42219	-2.96706	-0.523599	2.06518	0	3.66519
2.08033	-0.409534	-0.437048	0.739347	-0.65	-0.45	0.7	-1.42266	-2.96706	-0.523599	2.06537	0	3.66519
2.09119	-0.4094	-0.437184	0.739037	-0.65	-0.45	0.7	-1.42367	-2.96706	-0.523599	2.06579	0	3.66519
2.10018	-0.40929	-0.437298	0.738778	-0.65	-0.45	0.7	-1.42451	-2.96706	-0.523599	2.06614	0	3.66519
2.11131	-0.4092	-0.43739	0.738566	-0.65	-0.45	0.7	-1.42519	-2.96706	-0.523599	2.06642	0	3.66519
2.12038	-0.409092	-0.437502	0.738311	-0.65	-0.45	0.7	-1.42602	-2.96706	-0.523599	2.06677	0	3.66519
2.13014	-0.408995	-0.437602	0.73808	-0.65	-0.45	0.7	-1.42677	-2.96706	-0.523599	2.06708	0	3.66519
2.14124	-0.408889	-0.437712	0.737829	-0.65	-0.45	0.7	-1.42758	-2.96706	-0.523599	2.06742	0	3.66519
2.15066	-0.408804	-0.437801	0.737624	-0.65	-0.45	0.7	-1.42824	-2.96706	-0.523599	2.0677	0	3.66519
2.16019	-0.408747	-0.43786	0.737489	-0.65	-0.45	0.7	-1.42868	-2.96706	-0.523599	2.06789	0	3.66519
2.17019	-0.408618	-0.437995	0.737175	-0.65	-0.45	0.7	-1.42969	-2.96706	-0.523599	2.06832	0	3.66519
2.18095	-0.408544	-0.438073	0.736998	-0.65	-0.45	0.7	-1.43026	-2.96706	-0.523599	2.06856	0	3.66519
2.19007	-0.408472	-0.438149	0.736821	-0.65	-0.45	0.7	-1.43083	-2.96706	-0.523599	2.06881	0	3.66519
2.2005	-0.408347	-0.438281	0.736515	-0.65	-0.45	0.7	-1.43182	-2.96706	-0.523599	2.06923	0	3.66519
2.21006	-0.408294	-0.438337	0.736385	-0.65	-0.45	0.7	-1.43223	-2.96706	-0.523599	2.06941	0	3.66519
2.22001	-0.408198	-0.438439	0.736147	-0.65	-0.45	0.7	-1.433	-2.96706	-0.523599	2.06974	0	3.66519
2.23074	-0.408086	-0.438559	0.73587	-0.65	-0.45	0.7	-1.43389	-2.96706	-0.523599	2.07013	0	3.66519
2.24029	-0.408001	-0.43865	0.735658	-0.65	-0.45	0.7	-1.43456	-2.96706	-0.523599	2.07043	0	3.66519
2.25028	-0.407917	-0.43874	0.735448	-0.65	-0.45	0.7	-1.43523	-2.96706	-0.523599	2.07073	0	3.66519
2.26004	-0.407834	-0.43883	0.73524	-0.65	-0.45	0.7	-1.4359	-2.96706	-0.523599	2.07102	0	3.66519
2.27006	-0.407752	-0.438918	0.735033	-0.65	-0.45	0.7	-1.43656	-2.96706	-0.523599	2.07131	0	3.66519
2.28021	-0.40772	-0.438953	0.734951	-0.65	-0.45	0.7	-1.43682	-2.96706	-0.523599	2.07143	0	3.66519
2.2903	-0.407592	-0.439093	0.734625	-0.65	-0.45	0.7	-1.43786	-2.96706	-0.523599	2.0719	0	3.66519
2.30165	-0.407528	-0.439162	0.734463	-0.65	-0.45	0.7	-1.43838	-2.96706	-0.523599	2.07213	0	3.66519
2.31084	-0.407435	-0.439264	0.734222	-0.65	-0.45	0.7	-1.43914	-2.96706	-0.523599	2.07247	0	3.66519
2.32059	-0.407358	-0.439349	0.734023	-0.65	-0.45	0.7	-1.43977	-2.96706	-0.523599	2.07276	0	3.66519
2.33084	-0.40732	-0.439391	0.733925	-0.65	-0.45	0.7	-1.44009	-2.96706	-0.523599	2.0729	0	3.66519
2.34011	-0.407222	-0.439499	0.73367	-0.65	-0.45	0.7	-1.44089	-2.96706	-0.523599	2.07327	0	3.66519
2.35086	-0.407132	-0.439599	0.733436	-0.65	-0.45	0.7	-1.44163	-2.96706	-0.523599	2.07361	0	3.66519
2.36064	-0.407058	-0.43968	0.733244	-0.65	-0.45	0.7	-1.44224	-2.96706	-0.523599	2.07389	0	3.66519
2.37038	-0.406986	-0.439761	0.733053	-0.65	-0.45	0.7	-1.44285	-2.96706	-0.523599	2.07417	0	3.66519
2.38116	-0.406914	-0.439841	0.732863	-0.65	-0.45	0.7	-1.44345	-2.96706	-0.523599	2.07444	0	3.66519
2.39017	-0.406851	-0.439913	0.732694	-0.65	-0.45	0.7	-1.44398	-2.96706	-0.523599	2.07469	0	3.66519
2.4007	-0.406774	-0.44	0.732488	-0.65	-0.45	0.7	-1.44463	-2.96706	-0.523599	2.07499	0	3.66519
2.41053	-0.406711	-0.44007	0.732322	-0.65	-0.45	0.7	-1.44515	-2.96706	-0.523599	2.07524	0	3.66519
2.4202	-0.406643	-0.440148	0.732138	-0.65	-0.45	0.7	-1.44573	-2.96706	-0.523599	2.07551	0	3.66519
2.43076	-0.406596	-0.440201	0.73201	-0.65	-0.45	0.7	-1.44613	-2.96706	-0.523599	2.0757	0	3.66519
2.4417	-0.406496	-0.440316	0.731739	-0.65	-0.45	0.7	-1.44698	-2.96706	-0.523599	2.07611	0	3.66519
2.45047	-0.406437	-0.440383	0.731578	-0.65	-0.45	0.7	-1.44749	-2.96706	-0.523599	2.07635	0	3.66519
2.46173	-0.406358	-0.440473	0.731364	-0.65	-0.45	0.7	-1.44816	-2.96706	-0.523599	2.07667	0	3.66519
2.47118	-0.406301	-0.44054	0.731205	-0.65	-0.45	0.7	-1.44866	-2.96706	-0.523599	2.0769	0	3.66519
2.4808	-0.406244	-0.440606	0.731048	-0.65	-0.45	0.7	-1.44915	-2.96706	-0.523599	2.07714	0	3.66519
2.49136	-0.406181	-0.440678	0.730874	-0.65	-0.45	0.7	-1.44969	-2.96706	-0.523599	2.0774	0	3.66519
2.50004	-0.406131	-0.440736	0.730736	-0.65	-0.45	0.7	-1.45013	-2.96706	-0.523599	2.07761	0	3.66519
2.51195	-0.406063	-0.440815	0.730548	-0.65	-0.45	0.7	-1.45071	-2.96706	-0.523599	2.0779	0	3.66519
2.52008	-0.405996	-0.440893	0.730361	-0.65	-0.45	0.7	-1.4513	-2.96706	-0.523599	2.07818	0	3.66519
2.53038	-0.405937	-0.440963	0.730193	-0.65	-0.45	0.7	-1.45182	-2.96706	-0.523599	2.07844	0	3.66519
2.54032	-0.405877	-0.441033	0.730026	-0.65	-0.45	0.7	-1.45234	-2.96706	-0.523599	2.07869	0	3.66519
2.55008	-0.405818	-0.441102	0.72986	-0.65	-0.45	0.7	-1.45286	-2.96706	-0.523599	2.07895	0	3.66519
2.56149	-0.405773	-0.441157	0.729729	-0.65	-0.45	0.7	-1.45327	-2.96706	-0.523599	2.07915	0	3.66519
2.57061	-0.405704	-0.441238	0.729533	-0.65	-0.45	0.7	-1.45388	-2.96706	-0.523599	2.07945	0	3.66519
2.58036	-0.405648	-0.441306	0.729371	-0.65	-0.45	0.7	-1.45438	-2.96706	-0.523599	2.0797	0	3.66519
2.59014	-0.405592	-0.441372	0.729211	-0.65	-0.45	0.7	-1.45488	-2.96706	-0.523599	2.07995	0	3.66519
2.60089	-0.405537	-0.441438	0.729052	-0.65	-0.45	0.7	-1.45537	-2.96706	-0.523599	2.08019	0	3.66519
2.61017	-0.405515	-0.441465	0.728988	-0.65	-0.45	0.7	-1.45557	-2.96706	-0.523599	2.08029	0	3.66519
2.62039	-0.405428	-0.441569	0.728737	-0.65	-0.45	0.7	-1.45635	-2.96706	-0.523599	2.08068	0	3.66519
2.63015	-0.405375	-0.441634	0.728581	-0.65	-0.45	0.7	-1.45683	-2.96706	-0.523599	2.08092	0	3.66519
2.64002	-0.405328	-0.441691	0.728443	-0.65	-0.45	0.7	-1.45726	-2.96706	-0.523599	2.08114	0	3.66519
2.6507	-0.405271	-0.441761	0.728274	-0.65	-0.45	0.7	-1.45778	-2.96706	-0.523599	2.08141	0	3.66519
2.66043	-0.405239	-0.441799	0.728183	-0.65	-0.45	0.7	-1.45806	-2.96706	-0.523599	2.08155	0	3.66519
2.6702	-0.405168	-0.441886	0.727971	-0.65	-0.45	0.7	-1.45871	-2.96706	-0.523599	2.08188	0	3.66519
2.68057	-0.405117	-0.441948	0.727822	-0.65	-0.45	0.7	-1.45918	-2.96706	-0.523599	2.08212	0	3.66519
2.69072	-0.405068	-0.442009	0.727674	-0.65	-0.45	0.7	-1.45963	-2.96706	-0.523599	2.08235	0	3.66519
2.70001	-0.405019	-0.44207	0.727527	-0.65	-0.45	0.7	-1.46009	-2.96706	-0.523599	2.08258	0	3.66519
2.71025	-0.40497	-0.44213	0.727381	-0.65	-0.45	0.7	-1.46054	-2.96706	-0.523599	2.08282	0	3.66519
2.72002	-0.404922	-0.44219	0.727236	-0.65	-0.45	0.7	-1.46098	-2.96706	-0.523599	2.08305	0	3.66519
2.73006	-0.404879	-0.442243	0.727106	-0.65	-0.45	0.7	-1.46138	-2.96706	-0.523599	2.08325	0	3.66519
2.7406	-0.404828	-0.442307	0.72695	-0.65	-0.45	0.7	-1.46186	-2.96706	-0.523599	2.0835	0	3.66519
2.75004	-0.404804	-0.442337	0.726879	-0.65	-0.45	0.7	-1.46208	-2.96706	-0.523599	2.08362	0	3.66519
2.76277	-0.404721	-0.442441	0.726626	-0.65	-0.45	0.7	-1.46286	-2.96706	-0.523599	2.08402	0	3.66519
2.7708	-0.404703	-0.442464	0.72657	-0.65	-0.45	0.7	-1.46303	-2.96706	-0.523599	2.08411	0	3.66519
2.78003	-0.404663	-0.442515	0.726445	-0.65	-0.45	0.7	-1.46341	-2.96706	-0.523599	2.08431	0	3.66519
2.79035	-0.404601	-0.442594	0.726253	-0.65	-0.45	0.7	-1.464	-2.96706	-0.523599	2.08462	0	3.66519
2.8001	-0.404557	-0.44265	0.726117	-0.65	-0.45	0.7	-1.46442	-2.96706	-0.523599	2.08484	0	3.66519
2.81297	-0.404517	-0.442699	0.725996	-0.65	-0.45	0.7	-1.46479	-2.96706	-0.523599	2.08504	0	3.66519
2.82061	-0.404471	-0.44276	0.725848	-0.65	-0.45	0.7	-1.46524	-2.96706	-0.523599	2.08528	0	3.66519
2.83038	-0.404449	-0.442788	0.725782	-0.65	-0.45	0.7	-1.46544	-2.96706	-0.523599	2.08539	0	3.66519
2.84014	-0.404386	-0.442868	0.725584	-0.65	-0.45	0.7	-1.46605	-2.96706	-0.523599	2.08571	0	3.66519
2.8509	-0.404344	-0.442922	0.725453	-0.65	-0.45	0.7	-1.46644	-2.96706	-0.523599	2.08593	0	3.66519
2.86252	-0.404303	-0.442975	0.725323	-0.65	-0.45	0.7	-1.46684	-2.96706	-0.523599	2.08614	0	3.66519
2.8704	-0.404262	-0.443028	0.725194	-0.65	-0.45	0.7	-1.46723	-2.96706	-0.523599	2.08635	0	3.66519
2.88266	-0.404251	-0.443043	0.725156	-0.65	-0.45	0.7	-1.46735	-2.96706	-0.523599	2.08641	0	3.66519
2.89008	-0.404187	-0.443127	0.724952	-0.65	-0.45	0.7	-1.46797	-2.96706	-0.523599	2.08675	0	3.66519
2.90026	-0.404147	-0.443178	0.724826	-0.65	-0.45	0.7	-1.46836	-2.96706	-0.523599	2.08696	0	3.66519
2.91046	-0.404112	-0.443224	0.724714	-0.65	-0.45	0.7	-1.4687	-2.96706	-0.523599	2.08714	0	3.66519
2.92023	-0.404066	-0.443285	0.724565	-0.65	-0.45	0.7	-1.46915	-2.96706	-0.523599	2.08739	0	3.66519
2.93001	-0.404055	-0.4433	0.724528	-0.65	-0.45	0.7	-1.46926	-2.96706	-0.523599	2.08745	0	3.66519
2.94075	-0.40399	-0.443385	0.72432	-0.65	-0.45	0.7	-1.46989	-2.96706	-0.523599	2.08779	0	3.66519
2.95064	-0.403968	-0.443415	0.724247	-0.65	-0.45	0.7	-1.47012	-2.96706	-0.523599	2.08792	0	3.66519
2.96157	-0.40392	-0.443478	0.72409	-0.65	-0.45	0.7	-1.47059	-2.96706	-0.523599	2.08818	0	3.66519
2.97003	-0.403879	-0.443532	0.723959	-0.65	-0.45	0.7	-1.47099	-2.96706	-0.523599	2.08839	0	3.66519
2.98298	-0.403847	-0.443576	0.723853	-0.65	-0.45	0.7	-1.47131	-2.96706	-0.523599	2.08857	0	3.66519
2.99004	-0.403807	-0.443629	0.723724	-0.65	-0.45	0.7	-1.4717	-2.96706	-0.523599	2.08879	0	3.66519
3.00031	-0.403772	-0.443676	0.723607	-0.65	-0.45	0.7	-1.47205	-2.96706	-0.523599	2.08899	0	3.66519
3.01008	-0.40374	-0.443718	0.723503	-0.65	-0.45	0.7	-1.47237	-2.96706	-0.523599	2.08916	0	3.66519
3.02008	-0.403713	-0.443755	0.723411	-0.65	-0.45	0.7	-1.47265	-2.96706	-0.523599	2.08932	0	3.66519
3.03057	-0.403668	-0.443816	0.723263	-0.65	-0.45	0.7	-1.4731	-2.96706	-0.523599	2.08956	0	3.66519
3.04093	-0.403637	-0.443857	0.723161	-0.65	-0.45	0.7	-1.4734	-2.96706	-0.523599	2.08974	0	3.66519
3.0501	-0.403601	-0.443907	0.723037	-0.65	-0.45	0.7	-1.47378	-2.96706	-0.523599	2.08995	0	3.66519
3.06222	-0.403571	-0.443948	0.722937	-0.65	-0.45	0.7	-1.47408	-2.96706	-0.523599	2.09011	0	3.66519
3.07004	-0.403535	-0.443998	0.722816	-0.65	-0.45	0.7	-1.47445	-2.96706	-0.523599	2.09032	0	3.66519
3.08237	-0.403502	-0.444042	0.722706	-0.65	-0.45	0.7	-1.47478	-2.96706	-0.523599	2.09051	0	3.66519
3.09008	-0.40348	-0.444073	0.72263	-0.65	-0.45	0.7	-1.475	-2.96706	-0.523599	2.09064	0	3.66519
3.1009	-0.403467	-0.444091	0.722586	-0.65	-0.45	0.7	-1.47514	-2.96706	-0.523599	2.09071	0	3.66519
3.11015	-0.403416	-0.444161	0.722414	-0.65	-0.45	0.7	-1.47565	-2.96706	-0.523599	2.09101	0	3.66519
3.12044	-0.403376	-0.444217	0.722276	-0.65	-0.45	0.7	-1.47607	-2.96706	-0.523599	2.09124	0	3.66519
3.13019	-0.403354	-0.444247	0.722201	-0.65	-0.45	0.7	-1.47629	-2.96706	-0.523599	2.09137	0	3.66519
3.14072	-0.403315	-0.444302	0.722065	-0.65	-0.45	0.7	-1.4767	-2.96706	-0.523599	2.0916	0	3.66519
3.15014	-0.403284	-0.444345	0.721961	-0.65	-0.45	0.7	-1.47702	-2.96706	-0.523599	2.09178	0	3.66519
3.16313	-0.403258	-0.444382	0.721868	-0.65	-0.45	0.7	-1.47729	-2.96706	-0.523599	2.09194	0	3.66519
3.1712	-0.40324	-0.444407	0.721807	-0.65	-0.45	0.7	-1.47748	-2.96706	-0.523599	2.09205	0	3.66519
3.18072	-0.403207	-0.444453	0.721694	-0.65	-0.45	0.7	-1.47782	-2.96706	-0.523599	2.09224	0	3.66519
3.19415	-0.40317	-0.444506	0.721563	-0.65	-0.45	0.7	-1.47821	-2.96706	-0.523599	2.09247	0	3.66519
3.20052	-0.403139	-0.44455	0.721453	-0.65	-0.45	0.7	-1.47854	-2.96706	-0.523599	2.09266	0	3.66519
3.21386	-0.403113	-0.444587	0.721363	-0.65	-0.45	0.7	-1.47881	-2.96706	-0.523599	2.09281	0	3.66519
3.22028	-0.403087	-0.444623	0.721274	-0.65	-0.45	0.7	-1.47907	-2.96706	-0.523599	2.09297	0	3.66519
3.23279	-0.40306	-0.444662	0.721176	-0.65	-0.45	0.7	-1.47937	-2.96706	-0.523599	2.09314	0	3.66519
3.24058	-0.403026	-0.44471	0.721059	-0.65	-0.45	0.7	-1.47972	-2.96706	-0.523599	2.09334	0	3.66519
3.25007	-0.403007	-0.444737	0.720991	-0.65	-0.45	0.7	-1.47992	-2.96706	-0.523599	2.09346	0	3.66519
3.26009	-0.402974	-0.444784	0.720877	-0.65	-0.45	0.7	-1.48026	-2.96706	-0.523599	2.09366	0	3.66519
3.27013	-0.402948	-0.444822	0.720781	-0.65	-0.45	0.7	-1.48055	-2.96706	-0.523599	2.09383	0	3.66519
3.28305	-0.402938	-0.444837	0.720743	-0.65	-0.45	0.7	-1.48066	-2.96706	-0.523599	2.09389	0	3.66519
3.29035	-0.402892	-0.444903	0.720584	-0.65	-0.45	0.7	-1.48114	-2.96706	-0.523599	2.09417	0	3.66519
3.30011	-0.402874	-0.444929	0.720519	-0.65	-0.45	0.7	-1.48133	-2.96706	-0.523599	2.09429	0	3.66519
3.31043	-0.402843	-0.444974	0.720407	-0.65	-0.45	0.7	-1.48166	-2.96706	-0.523599	2.09448	0	3.66519
3.32102	-0.40282	-0.445007	0.720325	-0.65	-0.45	0.7	-1.48191	-2.96706	-0.523599	2.09463	0	3.66519
3.33043	-0.40279	-0.445051	0.720216	-0.65	-0.45	0.7	-1.48223	-2.96706	-0.523599	2.09482	0	3.66519
3.34282	-0.40277	-0.44508	0.720143	-0.65	-0.45	0.7	-1.48245	-2.96706	-0.523599	2.09495	0	3.66519
3.35091	-0.402741	-0.445124	0.720036	-0.65	-0.45	0.7	-1.48277	-2.96706	-0.523599	2.09513	0	3.66519
3.36004	-0.402716	-0.44516	0.719947	-0.65	-0.45	0.7	-1.48304	-2.96706	-0.523599	2.09529	0	3.66519
3.37045	-0.402692	-0.445196	0.719858	-0.65	-0.45	0.7	-1.4833	-2.96706	-0.523599	2.09545	0	3.66519
3.38004	-0.402675	-0.44522	0.719797	-0.65	-0.45	0.7	-1.48348	-2.96706	-0.523599	2.09556	0	3.66519
3.39019	-0.402646	-0.445263	0.719692	-0.65	-0.45	0.7	-1.48379	-2.96706	-0.523599	2.09574	0	3.66519
3.40073	-0.40262	-0.445301	0.719597	-0.65	-0.45	0.7	-1.48407	-2.96706	-0.523599	2.09591	0	3.66519
3.41047	-0.402597	-0.445335	0.719511	-0.65	-0.45	0.7	-1.48433	-2.96706	-0.523599	2.09606	0	3.66519
3.42043	-0.402576	-0.445367	0.719434	-0.65	-0.45	0.7	-1.48456	-2.96706	-0.523599	2.0962	0	3.66519
3.43348	-0.402558	-0.445394	0.719367	-0.65	-0.45	0.7	-1.48476	-2.96706	-0.523599	2.09632	0	3.66519
3.44004	-0.402536	-0.445428	0.719282	-0.65	-0.45	0.7	-1.48501	-2.96706	-0.523599	2.09647	0	3.66519
3.45005	-0.402511	-0.445465	0.719191	-0.65	-0.45	0.7	-1.48528	-2.96706	-0.523599	2.09663	0	3.66519
3.46009	-0.402484	-0.445505	0.719092	-0.65	-0.45	0.7	-1.48557	-2.96706	-0.523599	2.09681	0	3.66519
3.47005	-0.402462	-0.445538	0.719009	-0.65	-0.45	0.7	-1.48582	-2.96706	-0.523599	2.09696	0	3.66519
3.48071	-0.402449	-0.445558	0.71896	-0.65	-0.45	0.7	-1.48596	-2.96706	-0.523599	2.09705	0	3.66519
3.49049	-0.402418	-0.445604	0.718847	-0.65	-0.45	0.7	-1.4863	-2.96706	-0.523599	2.09725	0	3.66519
3.50032	-0.402397	-0.445637	0.718766	-0.65	-0.45	0.7	-1.48653	-2.96706	-0.523599	2.09739	0	3.66519
3.51008	-0.402376	-0.445669	0.718687	-0.65	-0.45	0.7	-1.48677	-2.96706	-0.523599	2.09754	0	3.66519
3.52083	-0.402355	-0.445701	0.718607	-0.65	-0.45	0.7	-1.487	-2.96706	-0.523599	2.09768	0	3.66519
3.53012	-0.402341	-0.445723	0.718552	-0.65	-0.45	0.7	-1.48717	-2.96706	-0.523599	2.09778	0	3.66519
3.54037	-0.402316	-0.445761	0.718458	-0.65	-0.45	0.7	-1.48744	-2.96706	-0.523599	2.09795	0	3.66519
3.55012	-0.402294	-0.445795	0.718373	-0.65	-0.45	0.7	-1.4877	-2.96706	-0.523599	2.0981	0	3.66519
3.56089	-0.402273	-0.445826	0.718296	-0.65	-0.45	0.7	-1.48792	-2.96706	-0.523599	2.09824	0	3.66519
3.57002	-0.402254	-0.445857	0.718219	-0.65	-0.45	0.7	-1.48815	-2.96706	-0.523599	2.09838	0	3.66519
3.58041	-0.402233	-0.445888	0.718144	-0.65	-0.45	0.7	-1.48837	-2.96706	-0.523599	2.09852	0	3.66519
3.59016	-0.402214	-0.445918	0.718068	-0.65	-0.45	0.7	-1.48859	-2.96706	-0.523599	2.09865	0	3.66519
3.60095	-0.402195	-0.445948	0.717993	-0.65	-0.45	0.7	-1.48881	-2.96706	-0.523599	2.09879	0	3.66519
3.61005	-0.402175	-0.445978	0.717919	-0.65	-0.45	0.7	-1.48903	-2.96706	-0.523599	2.09892	0	3.66519
3.62029	-0.40217	-0.445987	0.717897	-0.65	-0.45	0.7	-1.4891	-2.96706	-0.523599	2.09896	0	3.66519
3.63058	-0.40216	-0.446002	0.71786	-0.65	-0.45	0.7	-1.48921	-2.96706	-0.523599	2.09903	0	3.66519
3.64098	-0.402118	-0.446067	0.717699	-0.65	-0.45	0.7	-1.48968	-2.96706	-0.523599	2.09932	0	3.66519
3.65304	-0.402104	-0.44609	0.717641	-0.65	-0.45	0.7	-1.48985	-2.96706	-0.523599	2.09943	0	3.66519
3.66049	-0.402081	-0.446125	0.717555	-0.65	-0.45	0.7	-1.4901	-2.96706	-0.523599	2.09959	0	3.66519
3.67026	-0.402064	-0.446153	0.717484	-0.65	-0.45	0.7	-1.49031	-2.96706	-0.523599	2.09972	0	3.66519
3.68003	-0.402045	-0.446182	0.717413	-0.65	-0.45	0.7	-1.49052	-2.96706	-0.523599	2.09985	0	3.66519
3.69076	-0.402027	-0.44621	0.717343	-0.65	-0.45	0.7	-1.49073	-2.96706	-0.523599	2.09997	0	3.66519
3.70054	-0.402009	-0.446238	0.717273	-0.65	-0.45	0.7	-1.49093	-2.96706	-0.523599	2.1001	0	3.66519
3.71029	-0.401991	-0.446266	0.717204	-0.65	-0.45	0.7	-1.49113	-2.96706	-0.523599	2.10023	0	3.66519
3.72008	-0.401974	-0.446294	0.717135	-0.65	-0.45	0.7	-1.49134	-2.96706	-0.523599	2.10035	0	3.66519
3.73081	-0.401957	-0.446321	0.717067	-0.65	-0.45	0.7	-1.49154	-2.96706	-0.523599	2.10048	0	3.66519
3.7406	-0.401939	-0.446349	0.716999	-0.65	-0.45	0.7	-1.49174	-2.96706	-0.523599	2.1006	0	3.66519
3.75035	-0.401923	-0.446375	0.716932	-0.65	-0.45	0.7	-1.49193	-2.96706	-0.523599	2.10073	0	3.66519
3.76011	-0.401906	-0.446403	0.716865	-0.65	-0.45	0.7	-1.49213	-2.96706	-0.523599	2.10085	0	3.66519
3.77015	-0.401889	-0.44643	0.716798	-0.65	-0.45	0.7	-1.49232	-2.96706	-0.523599	2.10097	0	3.66519
3.78001	-0.401873	-0.446456	0.716733	-0.65	-0.45	0.7	-1.49252	-2.96706	-0.523599	2.10109	0	3.66519
3.79038	-0.401857	-0.446482	0.716667	-0.65	-0.45	0.7	-1.49271	-2.96706	-0.523599	2.10121	0	3.66519
3.80041	-0.401844	-0.446503	0.716615	-0.65	-0.45	0.7	-1.49286	-2.96706	-0.523599	2.10131	0	3.66519
3.81088	-0.401824	-0.446535	0.716538	-0.65	-0.45	0.7	-1.49308	-2.96706	-0.523599	2.10145	0	3.66519
3.8207	-0.401815	-0.44655	0.716499	-0.65	-0.45	0.7	-1.4932	-2.96706	-0.523599	2.10153	0	3.66519
3.83073	-0.401791	-0.446589	0.716404	-0.65	-0.45	0.7	-1.49348	-2.96706	-0.523599	2.1017	0	3.66519
3.84021	-0.401779	-0.446609	0.716353	-0.65	-0.45	0.7	-1.49362	-2.96706	-0.523599	2.1018	0	3.66519
3.85205	-0.401767	-0.446627	0.716309	-0.65	-0.45	0.7	-1.49375	-2.96706	-0.523599	2.10188	0	3.66519
3.86071	-0.401746	-0.446662	0.716221	-0.65	-0.45	0.7	-1.49401	-2.96706	-0.523599	2.10204	0	3.66519
3.87046	-0.401735	-0.446679	0.716177	-0.65	-0.45	0.7	-1.49414	-2.96706	-0.523599	2.10212	0	3.66519
3.88001	-0.401718	-0.446707	0.71611	-0.65	-0.45	0.7	-1.49433	-2.96706	-0.523599	2.10225	0	3.66519
3.89002	-0.4017	-0.446736	0.716037	-0.65	-0.45	0.7	-1.49455	-2.96706	-0.523599	2.10238	0	3.66519
3.90096	-0.401687	-0.446758	0.715982	-0.65	-0.45	0.7	-1.49471	-2.96706	-0.523599	2.10248	0	3.66519
3.91001	-0.401671	-0.446785	0.715915	-0.65	-0.45	0.7	-1.4949	-2.96706	-0.523599	2.10261	0	3.66519
3.92025	-0.401657	-0.446809	0.715856	-0.65	-0.45	0.7	-1.49507	-2.96706	-0.523599	2.10272	0	3.66519
3.93002	-0.401648	-0.446823	0.71582	-0.65	-0.45	0.7	-1.49518	-2.96706	-0.523599	2.10279	0	3.66519
3.94003	-0.401636	-0.446842	0.715772	-0.65	-0.45	0.7	-1.49532	-2.96706	-0.523599	2.10287	0	3.66519
3.95047	-0.401613	-0.446881	0.715679	-0.65	-0.45	0.7	-1.49559	-2.96706	-0.523599	2.10305	0	3.66519
3.9603	-0.401599	-0.446903	0.715621	-0.65	-0.45	0.7	-1.49576	-2.96706	-0.523599	2.10316	0	3.66519
3.97004	-0.401585	-0.446927	0.715562	-0.65	-0.45	0.7	-1.49593	-2.96706	-0.523599	2.10327	0	3.66519
3.98084	-0.401571	-0.44695	0.715505	-0.65	-0.45	0.7	-1.49609	-2.96706	-0.523599	2.10337	0	3.66519
3.99002	-0.401558	-0.446973	0.715448	-0.65	-0.45	0.7	-1.49626	-2.96706	-0.523599	2.10348	0	3.66519
4.00035	-0.401543	-0.446996	0.715391	-0.65	-0.45	0.7	-1.49643	-2.96706	-0.523599	2.10359	0	3.66519
4.01013	-0.401534	-0.447012	0.715352	-0.65	-0.45	0.7	-1.49654	-2.96706	-0.523599	2.10366	0	3.66519
4.02089	-0.401517	-0.447041	0.715279	-0.65	-0.45	0.7	-1.49675	-2.96706	-0.523599	2.1038	0	3.66519
4.03063	-0.401503	-0.447064	0.715223	-0.65	-0.45	0.7	-1.49691	-2.96706	-0.523599	2.1039	0	3.66519
4.04012	-0.401495	-0.447077	0.71519	-0.65	-0.45	0.7	-1.49701	-2.96706	-0.523599	2.10397	0	3.66519
4.05001	-0.401479	-0.447105	0.715119	-0.65	-0.45	0.7	-1.49722	-2.96706	-0.523599	2.1041	0	3.66519
4.06013	-0.401464	-0.44713	0.715059	-0.65	-0.45	0.7	-1.49739	-2.96706	-0.523599	2.10421	0	3.66519
4.07014	-0.401462	-0.447132	0.715054	-0.65	-0.45	0.7	-1.49741	-2.96706	-0.523599	2.10422	0	3.66519
4.08042	-0.401439	-0.447173	0.714951	-0.65	-0.45	0.7	-1.4977	-2.96706	-0.523599	2.10441	0	3.66519
4.09007	-0.40143	-0.447188	0.714914	-0.65	-0.45	0.7	-1.49781	-2.96706	-0.523599	2.10448	0	3.66519
4.10035	-0.401413	-0.447216	0.714845	-0.65	-0.45	0.7	-1.49801	-2.96706	-0.523599	2.10461	0	3.66519
4.11071	-0.401401	-0.447237	0.714792	-0.65	-0.45	0.7	-1.49816	-2.96706	-0.523599	2.10472	0	3.66519
4.12007	-0.401391	-0.447254	0.71475	-0.65	-0.45	0.7	-1.49829	-2.96706	-0.523599	2.10479	0	3.66519
4.13022	-0.401376	-0.447279	0.714688	-0.65	-0.45	0.7	-1.49846	-2.96706	-0.523599	2.10491	0	3.66519
4.14088	-0.401368	-0.447294	0.714652	-0.65	-0.45	0.7	-1.49857	-2.96706	-0.523599	2.10498	0	3.66519
4.15046	-0.401352	-0.44732	0.714585	-0.65	-0.45	0.7	-1.49876	-2.96706	-0.523599	2.10511	0	3.66519
4.16003	-0.401341	-0.447339	0.714539	-0.65	-0.45	0.7	-1.4989	-2.96706	-0.523599	2.10519	0	3.66519
4.17114	-0.401335	-0.447349	0.714514	-0.65	-0.45	0.7	-1.49897	-2.96706	-0.523599	2.10524	0	3.66519
4.18027	-0.401316	-0.447381	0.714433	-0.65	-0.45	0.7	-1.4992	-2.96706	-0.523599	2.10539	0	3.66519
4.19078	-0.401305	-0.4474	0.714388	-0.65	-0.45	0.7	-1.49933	-2.96706	-0.523599	2.10548	0	3.66519
4.20056	-0.401293	-0.447422	0.714333	-0.65	-0.45	0.7	-1.49949	-2.96706	-0.523599	2.10558	0	3.66519
4.21055	-0.401283	-0.447439	0.714289	-0.65	-0.45	0.7	-1.49962	-2.96706	-0.523599	2.10567	0	3.66519
4.22009	-0.401271	-0.447459	0.71424	-0.65	-0.45	0.7	-1.49976	-2.96706	-0.523599	2.10576	0	3.66519
4.23116	-0.401263	-0.447473	0.714206	-0.65	-0.45	0.7	-1.49986	-2.96706	-0.523599	2.10582	0	3.66519
4.24059	-0.40125	-0.447496	0.714148	-0.65	-0.45	0.7	-1.50003	-2.96706	-0.523599	2.10594	0	3.66519
4.25038	-0.401236	-0.44752	0.714091	-0.65	-0.45	0.7	-1.50019	-2.96706	-0.523599	2.10604	0	3.66519
4.26014	-0.401226	-0.447538	0.714043	-0.65	-0.45	0.7	-1.50033	-2.96706	-0.523599	2.10614	0	3.66519
4.27088	-0.401214	-0.447558	0.713995	-0.65	-0.45	0.7	-1.50047	-2.96706	-0.523599	2.10623	0	3.66519
4.28066	-0.401206	-0.447573	0.713958	-0.65	-0.45	0.7	-1.50057	-2.96706	-0.523599	2.1063	0	3.66519
4.2904	-0.401192	-0.447596	0.713902	-0.65	-0.45	0.7	-1.50074	-2.96706	-0.523599	2.10641	0	3.66519
4.30015	-0.401182	-0.447614	0.713855	-0.65	-0.45	0.7	-1.50087	-2.96706	-0.523599	2.10649	0	3.66519
4.3109	-0.401172	-0.447633	0.713809	-0.65	-0.45	0.7	-1.501	-2.96706	-0.523599	2.10658	0	3.66519
4.32068	-0.401162	-0.44765	0.713768	-0.65	-0.45	0.7	-1.50112	-2.96706	-0.523599	2.10666	0	3.66519
4.33126	-0.401159	-0.447655	0.713754	-0.65	-0.45	0.7	-1.50116	-2.96706	-0.523599	2.10669	0	3.66519
4.34019	-0.401141	-0.447688	0.713673	-0.65	-0.45	0.7	-1.5014	-2.96706	-0.523599	2.10684	0	3.66519
4.35095	-0.40113	-0.447706	0.713628	-0.65	-0.45	0.7	-1.50153	-2.96706	-0.523599	2.10693	0	3.66519
4.36169	-0.40112	-0.447724	0.713583	-0.65	-0.45	0.7	-1.50165	-2.96706	-0.523599	2.10702	0	3.66519
4.37015	-0.401111	-0.44774	0.713543	-0.65	-0.45	0.7	-1.50177	-2.96706	-0.523599	2.10709	0	3.66519
4.38124	-0.4011	-0.44776	0.713494	-0.65	-0.45	0.7	-1.50191	-2.96706	-0.523599	2.10718	0	3.66519
4.39002	-0.40109	-0.447777	0.713451	-0.65	-0.45	0.7	-1.50203	-2.96706	-0.523599	2.10727	0	3.66519
4.4007	-0.40108	-0.447795	0.713407	-0.65	-0.45	0.7	-1.50216	-2.96706	-0.523599	2.10735	0	3.66519
4.41052	-0.40107	-0.447812	0.713364	-0.65	-0.45	0.7	-1.50228	-2.96706	-0.523599	2.10744	0	3.66519
4.4203	-0.401061	-0.447829	0.713321	-0.65	-0.45	0.7	-1.50241	-2.96706	-0.523599	2.10752	0	3.66519
4.43102	-0.401052	-0.447845	0.713283	-0.65	-0.45	0.7	-1.50252	-2.96706	-0.523599	2.10759	0	3.66519
4.44011	-0.401042	-0.447862	0.713241	-0.65	-0.45	0.7	-1.50264	-2.96706	-0.523599	2.10767	0	3.66519
4.45017	-0.401035	-0.447876	0.713207	-0.65	-0.45	0.7	-1.50274	-2.96706	-0.523599	2.10774	0	3.66519
4.46032	-0.401028	-0.447888	0.713177	-0.65	-0.45	0.7	-1.50282	-2.96706	-0.523599	2.10779	0	3.66519
4.47184	-0.401022	-0.447898	0.713152	-0.65	-0.45	0.7	-1.50289	-2.96706	-0.523599	2.10784	0	3.66519
4.48084	-0.401004	-0.447931	0.713069	-0.65	-0.45	0.7	-1.50313	-2.96706	-0.523599	2.108	0	3.66519
4.49061	-0.400997	-0.447944	0.713036	-0.65	-0.45	0.7	-1.50323	-2.96706	-0.523599	2.10807	0	3.66519
4.50041	-0.400985	-0.447964	0.712988	-0.65	-0.45	0.7	-1.50337	-2.96706	-0.523599	2.10816	0	3.66519
4.51186	-0.400977	-0.44798	0.712947	-0.65	-0.45	0.7	-1.50348	-2.96706	-0.523599	2.10824	0	3.66519
4.52011	-0.400969	-0.447995	0.71291	-0.65	-0.45	0.7	-1.50359	-2.96706	-0.523599	2.10831	0	3.66519
4.53182	-0.40096	-0.448009	0.712875	-0.65	-0.45	0.7	-1.50369	-2.96706	-0.523599	2.10838	0	3.66519
4.54042	-0.40095	-0.448029	0.712827	-0.65	-0.45	0.7	-1.50383	-2.96706	-0.523599	2.10847	0	3.66519
4.55466	-0.400938	-0.448051	0.712771	-0.65	-0.45	0.7	-1.50398	-2.96706	-0.523599	2.10858	0	3.66519
4.56018	-0.400934	-0.448058	0.712752	-0.65	-0.45	0.7	-1.50404	-2.96706	-0.523599	2.10862	0	3.66519
4.57068	-0.400928	-0.448068	0.712728	-0.65	-0.45	0.7	-1.50411	-2.96706	-0.523599	2.10866	0	3.66519
4.58049	-0.400917	-0.448089	0.712678	-0.65	-0.45	0.7	-1.50425	-2.96706	-0.523599	2.10876	0	3.66519
4.59023	-0.400907	-0.448107	0.712631	-0.65	-0.45	0.7	-1.50439	-2.96706	-0.523599	2.10885	0	3.66519
4.6002	-0.400898	-0.448123	0.712593	-0.65	-0.45	0.7	-1.50449	-2.96706	-0.523599	2.10892	0	3.66519
4.61072	-0.40089	-0.448138	0.712555	-0.65	-0.45	0.7	-1.5046	-2.96706	-0.523599	2.109	0	3.66519
4.62051	-0.400881	-0.448153	0.712518	-0.65	-0.45	0.7	-1.50471	-2.96706	-0.523599	2.10907	0	3.66519
4.63044	-0.400874	-0.448167	0.712484	-0.65	-0.45	0.7	-1.50481	-2.96706	-0.523599	2.10914	0	3.66519
4.64002	-0.400865	-0.448184	0.712443	-0.65	-0.45	0.7	-1.50493	-2.96706	-0.523599	2.10922	0	3.66519
4.65005	-0.400859	-0.448194	0.712416	-0.65	-0.45	0.7	-1.505	-2.96706	-0.523599	2.10927	0	3.66519
4.66019	-0.400848	-0.448213	0.712369	-0.65	-0.45	0.7	-1.50514	-2.96706	-0.523599	2.10936	0	3.66519
4.67031	-0.400841	-0.448228	0.712332	-0.65	-0.45	0.7	-1.50524	-2.96706	-0.523599	2.10943	0	3.66519
4.68006	-0.400836	-0.448237	0.71231	-0.65	-0.45	0.7	-1.5053	-2.96706	-0.523599	2.10947	0	3.66519
4.69009	-0.400826	-0.448256	0.712263	-0.65	-0.45	0.7	-1.50544	-2.96706	-0.523599	2.10956	0	3.66519
4.70004	-0.40082	-0.448266	0.712238	-0.65	-0.45	0.7	-1.50551	-2.96706	-0.523599	2.10961	0	3.66519
4.71034	-0.400809	-0.448286	0.712188	-0.65	-0.45	0.7	-1.50565	-2.96706	-0.523599	2.10971	0	3.66519
4.72112	-0.400802	-0.4483	0.712152	-0.65	-0.45	0.7	-1.50575	-2.96706	-0.523599	2.10978	0	3.66519
4.73014	-0.400795	-0.448313	0.712121	-0.65	-0.45	0.7	-1.50585	-2.96706	-0.523599	2.10984	0	3.66519
4.74025	-0.400787	-0.448329	0.712082	-0.65	-0.45	0.7	-1.50595	-2.96706	-0.523599	2.10992	0	3.66519
4.75014	-0.400781	-0.448339	0.712058	-0.65	-0.45	0.7	-1.50602	-2.96706	-0.523599	2.10997	0	3.66519
4.76005	-0.400772	-0.448357	0.712013	-0.65	-0.45	0.7	-1.50615	-2.96706	-0.523599	2.11005	0	3.66519
4.77107	-0.400764	-0.448372	0.711975	-0.65	-0.45	0.7	-1.50626	-2.96706	-0.523599	2.11013	0	3.66519
4.78003	-0.400758	-0.448382	0.711951	-0.65	-0.45	0.7	-1.50633	-2.96706	-0.523599	2.11017	0	3.66519
4.79042	-0.40075	-0.448398	0.71191	-0.65	-0.45	0.7	-1.50645	-2.96706	-0.523599	2.11025	0	3.66519
4.80024	-0.400742	-0.448412	0.711877	-0.65	-0.45	0.7	-1.50654	-2.96706	-0.523599	2.11032	0	3.66519
4.81093	-0.400734	-0.448425	0.711843	-0.65	-0.45	0.7	-1.50664	-2.96706	-0.523599	2.11039	0	3.66519
4.8201	-0.400728	-0.448439	0.71181	-0.65	-0.45	0.7	-1.50673	-2.96706	-0.523599	2.11045	0	3.66519
4.8337	-0.400722	-0.44845	0.711783	-0.65	-0.45	0.7	-1.50681	-2.96706	-0.523599	2.1105	0	3.66519
4.84023	-0.400714	-0.448465	0.711744	-0.65	-0.45	0.7	-1.50692	-2.96706	-0.523599	2.11058	0	3.66519
4.8501	-0.400707	-0.448478	0.711711	-0.65	-0.45	0.7	-1.50701	-2.96706	-0.523599	2.11064	0	3.66519
4.86172	-0.4007	-0.448491	0.711678	-0.65	-0.45	0.7	-1.50711	-2.96706	-0.523599	2.11071	0	3.66519
4.8705	-0.400696	-0.448498	0.711662	-0.65	-0.45	0.7	-1.50715	-2.96706	-0.523599	2.11074	0	3.66519
4.88304	-0.400687	-0.448515	0.71162	-0.65	-0.45	0.7	-1.50727	-2.96706	-0.523599	2.11082	0	3.66519
4.89008	-0.400679	-0.44853	0.711582	-0.65	-0.45	0.7	-1.50738	-2.96706	-0.523599	2.1109	0	3.66519
4.90015	-0.400676	-0.448535	0.711569	-0.65	-0.45	0.7	-1.50742	-2.96706	-0.523599	2.11092	0	3.66519
4.91056	-0.400665	-0.448556	0.711519	-0.65	-0.45	0.7	-1.50756	-2.96706	-0.523599	2.11102	0	3.66519
4.9203	-0.400659	-0.448568	0.711488	-0.65	-0.45	0.7	-1.50765	-2.96706	-0.523599	2.11108	0	3.66519
4.93207	-0.400653	-0.44858	0.711459	-0.65	-0.45	0.7	-1.50773	-2.96706	-0.523599	2.11114	0	3.66519
4.9401	-0.400646	-0.448592	0.711429	-0.65	-0.45	0.7	-1.50782	-2.96706	-0.523599	2.1112	0	3.66519
4.95017	-0.40064	-0.448604	0.711401	-0.65	-0.45	0.7	-1.5079	-2.96706	-0.523599	2.11125	0	3.66519
4.96035	-0.400633	-0.448618	0.711364	-0.65	-0.45	0.7	-1.508	-2.96706	-0.523599	2.11133	0	3.66519
4.97012	-0.400626	-0.44863	0.711334	-0.65	-0.45	0.7	-1.50809	-2.96706	-0.523599	2.11139	0	3.66519
4.98008	-0.400621	-0.44864	0.71131	-0.65	-0.45	0.7	-1.50815	-2.96706	-0.523599	2.11143	0	3.66519
4.99062	-0.400613	-0.448655	0.711273	-0.65	-0.45	0.7	-1.50826	-2.96706	-0.523599	2.1115	0	3.66519
5.00043	-0.400607	-0.448667	0.711244	-0.65	-0.45	0.7	-1.50834	-2.96706	-0.523599	2.11156	0	3.66519
5.01041	-0.400601	-0.448679	0.711214	-0.65	-0.45	0.7	-1.50843	-2.96706	-0.523599	2.11162	0	3.66519
5.02017	-0.400597	-0.448687	0.711193	-0.65	-0.45	0.7	-1.50849	-2.96706	-0.523599	2.11166	0	3.66519
5.03066	-0.40059	-0.4487	0.711161	-0.65	-0.45	0.7	-1.50858	-2.96706	-0.523599	2.11173	0	3.66519
5.04007	-0.400584	-0.448711	0.711135	-0.65	-0.45	0.7	-1.50865	-2.96706	-0.523599	2.11178	0	3.66519
5.05003	-0.400577	-0.448726	0.711097	-0.65	-0.45	0.7	-1.50876	-2.96706	-0.523599	2.11185	0	3.66519
5.06019	-0.400572	-0.448734	0.711077	-0.65	-0.45	0.7	-1.50882	-2.96706	-0.523599	2.11189	0	3.66519
5.07072	-0.400564	-0.448749	0.71104	-0.65	-0.45	0.7	-1.50892	-2.96706	-0.523599	2.11197	0	3.66519
5.08047	-0.400558	-0.44876	0.711012	-0.65	-0.45	0.7	-1.509	-2.96706	-0.523599	2.11202	0	3.66519
5.09044	-0.400553	-0.448771	0.710986	-0.65	-0.45	0.7	-1.50907	-2.96706	-0.523599	2.11207	0	3.66519
5.10278	-0.400546	-0.448784	0.710952	-0.65	-0.45	0.7	-1.50917	-2.96706	-0.523599	2.11214	0	3.66519
5.11074	-0.400541	-0.448794	0.71093	-0.65	-0.45	0.7	-1.50923	-2.96706	-0.523599	2.11218	0	3.66519
5.12035	-0.40054	-0.448796	0.710925	-0.65	-0.45	0.7	-1.50925	-2.96706	-0.523599	2.11219	0	3.66519
5.13006	-0.400529	-0.448817	0.710872	-0.65	-0.45	0.7	-1.5094	-2.96706	-0.523599	2.1123	0	3.66519
5.14005	-0.400525	-0.448824	0.710856	-0.65	-0.45	0.7	-1.50944	-2.96706	-0.523599	2.11233	0	3.66519
5.15024	-0.400519	-0.448836	0.710825	-0.65	-0.45	0.7	-1.50953	-2.96706	-0.523599	2.11239	0	3.66519
5.16011	-0.400512	-0.44885	0.710791	-0.65	-0.45	0.7	-1.50963	-2.96706	-0.523599	2.11246	0	3.66519
5.17101	-0.400507	-0.44886	0.710766	-0.65	-0.45	0.7	-1.5097	-2.96706	-0.523599	2.11251	0	3.66519
